10
(14.7184, 14.7621)
57
(15.5716, 14.6058)
(16.393, 15.3711)
(15.6655, 16.4593)
(11.719, 16.3489)
(14.3266, 16.2944)
(15.8725, 16.2994)
(16.0337, 14.2097)
(16.8007, 12.9757)
(12.6175, 16.7395)
(13.2019, 14.7868)
(15.5249, 16.76)
(17.1811, 13.1898)
(12.7907, 14.324)
(14.587, 12.0362)
(17.2129, 17.1491)
(14.0782, 15.836)
(15.1845, 14.7488)
(12.5593, 14.7414)
(14.3762, 13.5125)
(14.9439, 13.566)
(15.0909, 13.4124)
(13.7325, 15.835)
(11.8346, 17.4516)
(15.3762, 13.6223)
(15.7486, 13.4807)
(13.8182, 15.5783)
(15.2189, 15.8598)
(14.6681, 15.5173)
(15.1811, 12.2355)
(12.1425, 14.8379)
(17.0933, 15.5348)
(16.2495, 16.1844)
(15.8759, 12.3949)
(13.5377, 15.1029)
(17.0827, 13.7922)
(14.2051, 13.6153)
(15.1009, 14.1029)
(16.7992, 12.8116)
(15.9833, 12.9673)
(11.6492, 17.4712)
(14.0443, 15.4902)
(16.0115, 13.7023)
(17.1766, 14.102)
(14.9029, 12.8248)
(16.0714, 15.2018)
(14.8031, 17.2734)
(16.272, 15.2262)
(13.4499, 13.027)
(12.4538, 14.2084)
(14.6269, 15.1997)
(17.3226, 12.5842)
(12.7278, 13.5419)
(14.8583, 16.448)
(11.8116, 15.2368)
(12.1123, 16.5062)
(12.3901, 16.8971)
(14.8853, 12.2084)
(6.2001, 4.30427)
29
(5.69959, 6.69996)
(6.11362, 6.06769)
(6.11735, 3.50493)
(5.62999, 5.07625)
(4.77863, 3.34112)
(6.8109, 5.3137)
(6.04338, 3.00625)
(7.89138, 2.82565)
(6.71185, 5.72907)
(7.814, 3.66931)
(4.83796, 3.72697)
(5.18459, 5.75254)
(5.09147, 4.43689)
(5.27266, 3.68532)
(6.73318, 5.60317)
(7.53235, 3.83818)
(7.60724, 3.54793)
(5.26358, 2.96002)
(7.33301, 5.83918)
(6.93672, 3.13619)
(5.5214, 5.36875)
(7.6738, 2.75401)
(5.00963, 4.01051)
(4.28688, 2.66155)
(6.8776, 5.78556)
(7.18858, 5.70469)
(6.16641, 3.30579)
(5.87341, 4.58626)
(5.80165, 2.88646)
(5.24011, 10.9268)
64
(3.65152, 11.9713)
(5.32954, 10.4935)
(4.46807, 8.32132)
(6.90367, 12.732)
(2.6699, 13.8024)
(4.13096, 10.0793)
(3.26109, 10.3974)
(5.51968, 11.0529)
(4.74132, 8.3834)
(5.44147, 8.4382)
(6.04186, 11.6635)
(4.44689, 9.30676)
(4.4666, 8.07472)
(5.62842, 10.974)
(5.80035, 10.4292)
(6.52426, 12.0881)
(3.43759, 12.7735)
(4.0817, 10.6555)
(7.80241, 11.3019)
(5.2484, 8.6638)
(4.3853, 12.7737)
(3.87199, 12.5041)
(4.50007, 8.06374)
(6.67401, 9.67324)
(5.07679, 8.68394)
(5.35084, 9.87565)
(5.41939, 12.8014)
(7.4839, 11.2055)
(4.66455, 8.59302)
(2.73109, 10.9661)
(3.8539, 12.7581)
(5.65757, 13.4154)
(7.24147, 11.2668)
(5.82144, 10.3735)
(7.88544, 11.2279)
(5.01122, 9.84854)
(6.56395, 10.6347)
(6.16151, 13.1574)
(6.88992, 12.9058)
(4.09909, 11.9491)
(6.50915, 9.43213)
(5.64139, 12.9129)
(4.99312, 10.9789)
(2.75539, 12.5266)
(5.77184, 9.90359)
(3.60128, 12.5278)
(4.46473, 10.8955)
(4.39936, 10.5488)
(6.1055, 10.454)
(5.12276, 13.0073)
(6.98979, 12.4883)
(6.27913, 10.7367)
(6.24514, 11.059)
(5.56909, 9.46049)
(5.32015, 9.51838)
(4.94848, 8.52289)
(7.24475, 10.3789)
(2.58825, 10.7435)
(5.53462, 10.7569)
(5.68942, 11.236)
(6.3063, 12.7172)
(2.80105, 10.0132)
(4.71125, 12.3414)
(6.83598, 11.8729)
(3.4368, 5.16604)
33
(4.00018, 4.47979)
(3.65863, 5.12479)
(3.13453, 5.02055)
(3.28929, 5.46088)
(3.0747, 7.00436)
(2.84687, 8.02717)
(3.21503, 4.36254)
(4.23211, 4.13626)
(4.33235, 6.257)
(3.97018, 2.77453)
(2.93944, 5.71904)
(3.05365, 3.21776)
(3.70336, 7.74067)
(3.33091, 2.77675)
(3.11352, 6.30171)
(3.27901, 5.17732)
(2.62323, 5.25413)
(3.49761, 3.85114)
(4.37343, 5.38802)
(2.68271, 7.22038)
(2.74621, 7.43809)
(3.22886, 5.49517)
(2.76481, 4.30414)
(2.90916, 4.63522)
(3.8994, 5.27805)
(4.73095, 4.64325)
(3.44989, 5.78131)
(2.78755, 5.58948)
(4.84268, 5.85262)
(3.70304, 3.00185)
(4.07785, 3.64801)
(3.31555, 2.72625)
(2.60759, 6.79106)
(14.9733, 4.66)
60
(15.0186, 4.58796)
(13.1573, 4.77863)
(16.4493, 4.23727)
(14.0176, 3.54523)
(13.088, 6.26082)
(16.3859, 5.06692)
(16.6827, 4.27615)
(16.1794, 3.98273)
(15.3854, 2.5033)
(14.9691, 4.38474)
(15.5834, 4.63401)
(16.6963, 3.8015)
(14.49, 3.981)
(17.2458, 5.35632)
(14.3709, 3.35813)
(14.335, 4.60183)
(14.6948, 6.5321)
(14.5993, 3.11458)
(14.1931, 3.17611)
(15.9792, 5.02276)
(16.5098, 5.16946)
(14.8823, 3.61515)
(13.9515, 3.55399)
(13.1765, 6.69599)
(15.0496, 5.16907)
(17.0773, 5.89984)
(16.0637, 2.98802)
(14.6957, 5.20967)
(14.296, 5.3356)
(13.5237, 5.15977)
(14.5653, 4.97092)
(13.2322, 5.18811)
(13.655, 2.69479)
(14.2195, 4.27614)
(15.2218, 4.50208)
(13.8433, 6.0609)
(14.5672, 3.81879)
(15.3866, 6.01751)
(16.0817, 4.89873)
(16.0062, 5.6193)
(13.6352, 5.96395)
(13.5324, 3.28499)
(12.8587, 5.21699)
(15.1731, 5.31617)
(16.3161, 3.02208)
(14.1898, 6.22016)
(14.7535, 2.99683)
(13.9457, 3.79916)
(14.2189, 5.54927)
(13.8048, 4.06548)
(16.7733, 5.02766)
(13.4845, 6.93253)
(16.1338, 6.21832)
(14.8777, 3.34534)
(16.4327, 4.27483)
(14.7843, 4.68128)
(14.1524, 4.08745)
(16.9561, 3.37949)
(15.7691, 5.56384)
(17.0784, 6.60805)
(15.2393, 9.2809)
61
(15.6297, 7.51594)
(16.1871, 7.60236)
(16.7751, 11.0578)
(14.6535, 8.76412)
(13.8381, 9.33538)
(14.6875, 8.35023)
(13.7346, 10.4141)
(16.3343, 9.65299)
(14.5387, 9.59565)
(15.0393, 7.40941)
(13.7402, 7.71066)
(15.2075, 7.78784)
(14.764, 11.3262)
(16.6848, 10.6823)
(17.4596, 11.9169)
(15.5701, 9.11205)
(16.0737, 8.40972)
(13.4168, 9.80018)
(15.2821, 11.858)
(14.2416, 7.40768)
(15.644, 9.72109)
(15.2477, 11.3202)
(16.8634, 9.53214)
(15.8948, 10.1917)
(16.553, 11.3245)
(15.3091, 9.73321)
(15.0188, 7.39227)
(14.2931, 7.1011)
(15.6841, 9.55804)
(12.6216, 9.66664)
(15.6191, 10.4581)
(15.6431, 9.06973)
(15.4157, 8.60161)
(16.9491, 8.11496)
(15.2908, 10.4204)
(13.2034, 7.58873)
(15.9091, 7.3955)
(16.6318, 10.3915)
(14.7337, 8.62165)
(12.9232, 9.55132)
(14.2376, 7.7827)
(16.1028, 9.29863)
(12.992, 10.3729)
(14.6027, 11.0028)
(14.0665, 8.50263)
(17.3481, 7.77592)
(17.4291, 8.0851)
(12.778, 9.48803)
(17.3474, 8.1581)
(12.7827, 9.69211)
(14.4987, 9.87559)
(17.0346, 9.47733)
(14.8057, 7.70458)
(17.3453, 10.8064)
(17.4464, 11.7653)
(12.7252, 9.35536)
(16.4656, 10.1628)
(12.318, 8.72333)
(15.5221, 8.28072)
(17.4772, 7.23706)
(14.9637, 11.1233)
(8.56506, 8.42474)
34
(10.8392, 9.56599)
(8.05672, 8.55841)
(7.69309, 9.04879)
(7.59276, 8.96362)
(7.11229, 7.2404)
(11.547, 8.04773)
(10.1802, 8.21202)
(9.29821, 8.80025)
(7.91381, 9.96833)
(6.2357, 8.07418)
(10.2398, 9.73307)
(8.51042, 10.0481)
(9.3238, 7.16956)
(10.8504, 9.16108)
(9.02772, 7.30402)
(7.65062, 9.58842)
(9.73504, 7.97116)
(7.41031, 7.59504)
(8.76393, 10.1503)
(7.9242, 7.72307)
(8.933, 10.0103)
(8.05776, 7.36222)
(8.5276, 6.99988)
(8.42545, 7.54139)
(8.58889, 7.8121)
(8.45857, 6.81008)
(8.37852, 7.67863)
(7.47499, 7.6249)
(8.45833, 8.81362)
(7.33279, 9.44776)
(7.55706, 7.28935)
(8.28796, 6.98296)
(7.50901, 9.99015)
(9.31688, 9.15436)
(6.76263, 15.8354)
68
(8.28461, 15.7039)
(2.55924, 15.3578)
(3.66962, 17.0745)
(5.60335, 15.3972)
(8.69132, 17.4442)
(6.09479, 15.3255)
(3.84834, 17.406)
(7.33103, 17.3484)
(5.54978, 16.2548)
(8.91413, 17.1978)
(7.53508, 17.1257)
(7.64041, 13.4015)
(6.43171, 15.424)
(7.28986, 14.1338)
(7.59418, 15.6738)
(5.95918, 16.7524)
(7.24838, 16.4806)
(4.4233, 16.8711)
(9.90353, 15.7041)
(8.70295, 14.9784)
(6.52411, 16.6857)
(7.12297, 15.6163)
(6.44299, 13.9143)
(4.55588, 16.4554)
(3.11335, 16.9635)
(4.40222, 15.4848)
(10.3756, 16.1957)
(9.8023, 17.339)
(6.84616, 14.6265)
(6.54734, 16.1399)
(3.00237, 14.3566)
(4.43152, 14.7649)
(7.72693, 13.4233)
(5.90727, 16.5096)
(8.69869, 17.1261)
(6.33324, 16.9656)
(10.3533, 16.5348)
(7.51252, 17.4877)
(5.59614, 14.4431)
(6.53662, 16.2651)
(7.7779, 14.9529)
(5.02017, 13.9372)
(9.43624, 17.0072)
(6.2295, 15.1824)
(5.0161, 14.2018)
(6.47578, 13.7554)
(9.99045, 17.4446)
(5.09238, 15.6346)
(10.2112, 17.486)
(4.51606, 14.2177)
(9.79678, 16.2527)
(3.29494, 16.3258)
(8.0145, 15.0328)
(5.71465, 13.8007)
(9.4914, 16.7715)
(6.01736, 17.469)
(2.56664, 17.0587)
(8.23724, 15.7317)
(6.47182, 17.0422)
(5.65546, 15.6465)
(10.1092, 16.2673)
(5.62978, 14.4474)
(5.5068, 14.0434)
(6.14661, 15.9959)
(8.06721, 15.3448)
(7.0431, 15.3304)
(8.29411, 14.6609)
(8.92906, 17.4114)
(10.3912, 4.86946)
42
(12.2218, 6.17976)
(10.5193, 3.48564)
(11.9383, 5.99236)
(8.31452, 5.02714)
(10.4631, 3.67405)
(8.51079, 4.92258)
(9.70847, 2.80956)
(11.8637, 7.12533)
(9.87932, 6.69997)
(12.0922, 3.72478)
(9.36706, 4.12701)
(8.89495, 3.94083)
(12.6457, 5.20666)
(10.2971, 6.98426)
(9.60493, 5.06729)
(8.63955, 4.85266)
(10.1281, 6.26139)
(8.47324, 4.84954)
(11.9808, 5.26656)
(9.64214, 5.04575)
(10.9422, 3.62823)
(9.27687, 3.80566)
(10.3782, 5.90305)
(9.87176, 2.81193)
(10.8829, 6.98417)
(8.3621, 4.96663)
(12.2169, 6.6301)
(12.2095, 3.48895)
(9.63778, 6.35397)
(12.2632, 2.5425)
(8.42983, 4.75598)
(12.5685, 2.61124)
(10.1734, 4.02647)
(10.6466, 3.56865)
(11.8341, 5.21821)
(9.10033, 4.11578)
(8.64178, 4.73438)
(10.3028, 4.68131)
(11.4337, 5.03464)
(11.6849, 7.15258)
(10.3678, 6.54538)
(10.0207, 3.71458)
(10.5526, 12.4222)
52
(11.949, 11.178)
(10.6117, 11.0607)
(13.2157, 12.0069)
(9.18886, 12.7531)
(12.4079, 13.5352)
(11.6068, 11.4441)
(12.0389, 13.9285)
(12.2148, 11.7534)
(11.3374, 15.561)
(9.77579, 14.6889)
(11.5934, 10.5544)
(10.5796, 12.9168)
(9.23965, 12.5621)
(10.6374, 10.8816)
(9.7222, 13.7162)
(9.83482, 11.3343)
(7.89759, 11.7014)
(11.7029, 9.44428)
(10.2817, 10.4747)
(8.94954, 10.8391)
(11.8768, 14.268)
(9.58967, 12.8085)
(9.51368, 12.5119)
(10.7811, 10.8219)
(9.90283, 14.7824)
(8.5907, 12.6073)
(11.0587, 11.0643)
(11.7291, 11.7254)
(11.0341, 14.3479)
(11.7681, 11.4129)
(11.0896, 14.3506)
(9.15529, 13.3298)
(9.47593, 13.2519)
(8.02363, 12.7425)
(8.27968, 12.0192)
(12.9835, 12.3272)
(7.79394, 12.9492)
(12.2205, 11.5283)
(9.21356, 10.9638)
(8.93962, 13.5301)
(9.02461, 13.5386)
(11.1855, 10.7471)
(12.4374, 12.4035)
(9.20113, 12.3726)
(12.867, 12.0901)
(9.23436, 13.0778)
(10.8673, 14.6881)
(11.8517, 9.33756)
(11.8057, 12.8933)
(8.72112, 11.435)
(13.0448, 12.5773)
(10.6894, 15.116)
