1 47
1.0
1.201748279363668e-152
1.0
0.45016600268752216
0.4689069955992741
1.0
1.0
1.0
2.1475574170732634e-115
8.423330479663298e-17
1.0343486710831842e-13
0.9999990210416021
0.34661799897226125
0.012787305115818418
0.6903026097887093
0.00028741462563366987
9.582078671032953e-08
0.9993268991059877
9.70239474684604e-07
0.02443842599406031
0.768442287064076
0.0019750549293339483
0.11294006853131666
0.3969961473483149
0.718550459372051
0.3984254441029989
0.4612729676502315
0.5628330612505489
0.6804563236615856
0.5169539352857886
0.3880600691328556
0.9131793387447843
0.022112118091207226
0.34160165930139424
0.9835535435763689
0.33058200417516465
0.10907940090371998
0.325855541362045
0.8079414836039993
0.6907468105867347
0.45759989840796
0.3858296996148447
0.9268719028140938
0.699524975880865
0.6874312984369622
0.7056998430812583
0.250032113995632
