10
256
0.1 0.1 0.1 0.1 0.1 0.1 0.1 0.1 0.1 0.1
0.711227 2.89644e-12 0.00613209 0.0109289 0.002212 0.0598157 0.0792528 0.00601424 0.0719729 0.0524443 
1.00715e-09 0.932105 0.0429018 5.36361e-05 0.00982081 0.000398653 0.0059115 0.00264752 1.32233e-10 0.00616142 
0.0259563 0.0788504 0.836551 0.00529478 0.0386686 5.57688e-05 0.0143926 0.000226851 1.8785e-07 3.82e-06 
0.0038315 0.00146957 0.0370796 0.437052 0.155581 0.123162 0.216975 0.00842037 0.000409723 0.0160182 
0.00654051 0.0109286 0.0446745 0.0924112 0.828806 0.00185243 1.12775e-05 9.04019e-06 0.0147451 2.1437e-05 
0.0111227 6.73715e-06 0.0008368 0.0400278 0.000407425 0.594398 0.21666 0.104825 0.00269874 0.0290168 
0.00758319 9.48e-06 0.00442349 0.0407439 0.00723387 0.652614 0.172649 0.0734614 0.0401551 0.00112723 
0.117972 4.06777e-06 0.0114066 0.000494668 0.000210673 0.413205 0.0747439 0.375086 0.000222245 0.00665509 
0.0324603 1.58467e-09 3.32103e-05 2.91338e-05 0.0220981 0.000155773 0.00987147 4.87753e-08 0.934981 0.000370727 
0.0713622 0.000255267 0.000215462 0.168248 0.0453274 0.429085 0.213265 0.00915341 0.00136282 0.0617259 
2.27311e-11 2.75204e-07 3.37551e-06 7.34207e-10 0.000226404 0.0080992 0.00165228 2.73234e-07 0.0160814 0.00145389 1.09001e-05 2.11867e-09 4.86635e-11 3.51536e-10 0.0201548 0.0317385 0.0280613 0.00345328 8.79494e-05 1.39944e-10 0.00347547 4.67713e-11 9.55745e-11 4.05273e-08 4.57948e-12 0.000739655 0.000526032 0.00145543 0.0153375 0.006018 0.000632262 8.85722e-05 2.95956e-09 1.44516e-07 1.57769e-12 5.70988e-09 5.20408e-08 4.64971e-11 1.92781e-15 1.01751e-16 1.05561e-16 2.5708e-09 4.55459e-19 1.65083e-10 0.000352571 3.19952e-06 0.00707748 0.000495911 9.47264e-05 0.000365281 1.02232e-05 0.0137518 1.83901e-08 4.80028e-05 2.5286e-05 1.35944e-06 0.0431251 8.90523e-08 0.0191036 0.0188165 1.67435e-22 3.68785e-21 2.49271e-20 9.41604e-27 1.33341e-17 4.45604e-17 9.33937e-17 1.44254e-31 1.08238e-26 5.07712e-14 2.07701e-29 3.39346e-19 5.48134e-18 1.14126e-26 3.64439e-24 3.37905e-20 6.72255e-20 4.43719e-26 5.62804e-15 9.28563e-26 2.63757e-19 2.975e-27 2.85283e-18 4.28789e-14 2.44312e-18 2.57433e-25 1.04359e-24 1.6604e-13 1.66892e-20 2.45447e-27 7.87731e-14 2.27436e-17 4.6652e-14 2.38877e-08 4.81022e-05 0.00374057 0.000107158 0.0338148 0.0307825 4.77681e-07 1.30332e-06 4.25406e-05 2.13489e-09 1.18486e-05 2.78292e-08 0.000363835 0.000179284 0.00353726 0.000103716 0.00928934 0.00561137 0.00114324 2.01554e-06 8.20214e-12 4.12116e-10 3.19989e-07 4.23602e-14 4.58519e-24 6.32252e-19 2.60504e-30 0 2.87528e-38 5.48337e-26 2.59443e-18 2.03346e-36 4.88746e-25 1.48687e-10 3.80316e-21 2.24603e-30 4.03354e-39 1.07649e-10 1.02288e-36 3.21247e-26 2.61957e-37 3.04158e-07 2.24021e-32 1.25489e-09 3.95783e-26 4.83081e-27 7.71528e-37 6.39171e-28 4.16264e-19 2.92012e-20 8.12274e-21 1.21752e-12 1.94444e-21 5.41059e-21 3.61839e-23 1.00311e-13 5.31238e-15 5.78979e-11 2.19163e-09 3.52914e-07 0.000103185 0.0007317 0.037345 0.0401395 0.00215963 0.00332068 0.00579225 1.00226e-05 2.59027e-08 0.0509583 2.29322e-09 2.16912e-05 0.0162477 0.03234 0.0193158 1.4862e-07 0.0330501 3.98279e-15 0.00125401 7.8227e-13 5.90836e-14 9.4642e-09 0.0412246 2.47713e-12 0.00202046 0.0966189 0.000850127 0.0342399 1.07277e-07 1.2603e-10 0.0187011 2.00606e-07 9.08856e-13 0.0194463 7.78373e-09 4.3802e-09 0.0358697 0.0132369 0.00946378 0.105131 0.00450834 4.1393e-05 1.12101e-09 1.17384e-10 1.6482e-09 6.68895e-05 5.28455e-07 0.013133 0.00908811 0.0159601 0.000463618 5.50021e-05 2.54419e-09 0.00390091 5.48597e-09 4.81202e-09 3.40899e-10 3.09642e-13 2.20552e-09 1.5663e-09 1.89699e-17 3.21328e-20 2.25197e-25 1.27074e-20 6.8335e-20 4.09429e-20 1.31058e-19 3.56893e-25 2.22958e-25 1.27228e-18 3.28022e-17 1.33861e-21 9.39106e-17 2.52571e-24 1.64119e-08 7.31859e-25 1.69312e-17 9.62627e-21 3.89218e-06 1.24019e-15 4.79275e-14 1.41959e-21 3.48887e-13 1.15623e-13 5.03361e-18 1.92084e-12 1.09722e-08 0.0016273 7.72419e-09 2.30889e-06 0.000199188 8.26931e-06 2.23146e-15 6.21318e-12 5.38491e-14 7.0374e-15 7.81767e-11 1.3816e-13 6.8306e-15 4.21546e-10 3.4815e-14 7.65069e-15 1.62861e-09 
8.48257e-18 2.51263e-11 1.26521e-14 8.11649e-09 3.05501e-13 2.93319e-14 1.83094e-09 8.25589e-18 1.04046e-14 2.62086e-12 7.41872e-09 1.28237e-11 4.54864e-06 1.3208e-06 2.97849e-12 1.06626e-23 6.68421e-17 1.04607e-07 4.68161e-09 1.49181e-10 2.34061e-07 1.49454e-13 2.90116e-11 6.03728e-10 3.49449e-14 2.72325e-11 6.64213e-10 5.02977e-09 9.75333e-12 2.56178e-13 4.44817e-10 1.45188e-15 1.34603e-14 9.181e-10 6.1898e-12 3.3681e-09 7.00724e-11 0.000112852 2.89005e-10 1.00843e-08 1.13312e-07 5.02593e-06 1.45849e-11 2.13949e-11 2.75581e-14 9.80363e-17 3.38408e-12 1.04423e-13 9.84325e-12 1.56407e-12 1.55122e-11 1.31527e-13 6.1857e-10 8.20609e-07 2.37801e-09 4.71632e-11 7.9532e-09 5.87583e-11 2.10118e-06 2.21249e-16 5.15336e-09 3.0284e-08 0.0004212 2.15346e-11 1.80419e-08 0.00100604 0.00701129 0.0056526 0.072062 7.83603e-10 0.0541772 0.000387047 0.0103249 0.0230625 0.00934647 0.0507106 0.00102781 0.0405905 4.04014e-09 0.0366615 0.0040401 0.0428908 0.00477873 0.000111665 0.00330264 4.07433e-12 3.1227e-13 8.64454e-08 2.69037e-05 2.75979e-14 0.00147314 0.00439073 2.15996e-12 4.10873e-11 1.29941e-12 3.68065e-15 1.05778e-06 1.61669e-10 5.45616e-10 2.09742e-12 8.96859e-08 1.62008e-07 1.91351e-14 2.09682e-14 7.62932e-12 7.55067e-13 3.60469e-11 1.7985e-11 5.31889e-15 1.09255e-14 7.07748e-17 2.46189e-13 8.84679e-11 1.93567e-08 3.98724e-08 0.00267105 1.4279e-09 1.42271e-11 3.28533e-05 0.0488589 0 0.0113115 0.0113053 6.60243e-11 0.0254804 4.08238e-14 0.0432621 0.0261026 0.0621798 0.016964 0.00521171 0.0169665 0.0340882 0.00565266 0.00897124 0.0707077 0.00629031 0.0794334 0.0452663 0.056539 0.0369402 0.00734884 0.00451916 6.13848e-09 2.31674e-05 6.92865e-11 6.75282e-11 8.02378e-12 4.71575e-11 3.8885e-09 2.00891e-11 9.31798e-10 6.37295e-10 1.21262e-14 4.02725e-12 2.89641e-09 1.30141e-09 1.51726e-14 4.05978e-11 1.57928e-10 8.53916e-17 1.60426e-12 3.69186e-12 4.41756e-08 1.65768e-06 1.99453e-10 5.64115e-11 3.41523e-30 9.19565e-27 2.08169e-09 2.88959e-29 3.6277e-22 6.4344e-13 1.88521e-15 1.34406e-25 1.68136e-24 5.35653e-29 1.98914e-29 7.21382e-23 1.29788e-13 2.9904e-09 1.35e-33 2.11213e-34 9.56737e-35 5.01713e-28 6.10059e-27 3.76959e-26 1.65372e-32 1.22009e-24 6.83826e-18 1.78889e-28 7.32081e-09 9.21638e-26 7.61331e-09 8.29061e-08 1.88623e-11 2.56929e-14 5.3379e-13 4.21591e-15 4.09865e-15 1.39482e-10 6.77436e-12 5.23643e-17 6.38835e-17 3.01205e-10 3.17964e-15 3.84374e-09 4.40132e-12 3.85924e-05 1.02503e-08 3.48845e-06 8.74983e-11 1.64752e-07 4.27474e-11 6.80441e-13 1.78977e-11 6.45132e-12 3.8683e-11 3.03501e-07 7.13038e-10 2.34629e-06 6.44393e-14 1.53161e-11 9.46315e-11 2.38191e-09 1.71865e-11 1.63275e-05 6.00958e-08 5.55166e-13 7.20843e-05 1.8001e-11 0.000110305 3.70058e-05 5.26834e-14 2.73232e-12 4.30414e-09 1.08767e-06 3.44165e-11 2.21864e-07 8.15753e-07 6.1512e-12 1.00716e-13 3.861e-10 1.22912e-06 6.39402e-17 3.32123e-21 4.74578e-14 3.15197e-11 1.22663e-18 2.76211e-14 4.24457e-21 7.63044e-15 6.529e-07 7.50435e-15 3.42214e-17 1.62699e-06 
1.05047e-15 1.00736e-10 4.18581e-14 1.69033e-11 5.52513e-07 4.09523e-06 1.60982e-09 4.04911e-14 1.35568e-10 6.53012e-11 4.08283e-09 2.6588e-10 1.45022e-06 1.2508e-09 0.000600262 3.63826e-09 5.35749e-07 0.0315124 0.0354796 6.54098e-09 0.00122468 6.3693e-13 3.7847e-13 5.639e-08 1.60474e-16 5.32565e-08 1.62451e-07 3.02722e-10 3.22843e-12 8.48303e-13 8.41656e-11 1.2711e-10 1.065e-12 6.01552e-09 3.6396e-11 4.12551e-10 1.31437e-09 2.51905e-09 1.90069e-08 5.92074e-08 2.2163e-07 1.02101e-07 4.95715e-10 1.07441e-10 2.83656e-12 1.34927e-09 1.19871e-08 7.84911e-10 3.22104e-13 4.71344e-11 1.45163e-09 5.83832e-12 5.88827e-13 0.00107154 4.6059e-10 3.79101e-09 0.00141791 2.28704e-10 0.00445655 3.09356e-13 1.42956e-10 2.17031e-11 1.74105e-07 1.27926e-13 0.0043563 0.00446448 0.0324434 5.66892e-08 2.90712e-08 0.015274 5.83644e-07 0.138071 0.0600571 8.51493e-08 0.00144892 0.00804246 0.0727632 8.219e-06 0.00985332 2.52583e-07 0.0752608 4.26211e-06 0.068592 0.0727213 0.000804884 1.07248e-12 5.08123e-14 1.58325e-05 2.31918e-09 5.8666e-14 1.00114e-07 1.50904e-07 3.65735e-12 2.42935e-11 3.10226e-09 2.17908e-09 9.04908e-05 0.023108 0.00705099 1.6655e-12 0.00260801 5.54773e-05 1.3981e-15 7.06203e-08 4.95521e-13 1.91505e-09 6.21114e-12 0.000414204 5.25595e-12 1.44957e-11 4.03181e-13 1.37499e-11 3.89168e-08 9.00098e-07 6.14585e-10 2.47204e-05 1.88001e-09 7.59502e-11 0.0678883 1.96258e-05 0 4.16698e-13 8.39401e-13 2.71678e-12 1.16875e-13 9.72012e-14 1.40313e-10 9.04311e-12 1.39307e-12 7.34992e-13 2.37507e-11 4.39634e-14 9.22708e-08 6.39934e-15 7.67713e-10 2.62655e-13 2.33216e-10 5.02412e-11 1.56693e-13 5.22407e-15 1.05573e-10 0.017173 0.028419 2.00576e-06 1.94701e-06 4.69353e-06 3.17375e-10 1.9498e-13 7.1398e-11 1.18039e-07 3.63244e-12 1.83095e-10 7.74992e-11 1.2619e-10 2.73045e-12 7.15758e-10 2.82111e-09 6.45909e-11 1.27378e-05 9.03921e-10 1.68885e-15 4.41933e-12 0.0233835 2.74631e-06 0.00844313 0.0470452 0.0274471 5.3213e-18 1.19721e-20 2.51696e-07 4.09522e-30 2.33318e-10 1.41298e-14 6.52699e-17 7.3473e-23 1.00663e-16 9.74695e-26 9.55623e-19 5.21763e-11 9.56399e-09 6.78924e-10 8.12399e-26 8.65835e-31 5.36673e-18 1.04095e-19 1.58033e-22 3.9693e-08 2.96761e-28 3.15525e-22 6.6015e-08 2.26183e-17 0.0122979 3.53683e-17 0.0102079 0.0231014 1.69601e-12 4.12086e-15 3.56955e-13 6.6808e-13 1.5574e-12 3.98275e-11 2.86562e-08 7.77092e-12 1.41465e-14 1.04508e-10 1.12534e-12 3.2843e-09 8.56487e-11 2.57354e-10 3.76908e-09 1.25852e-08 4.89524e-11 3.71414e-09 1.57796e-09 6.37701e-12 2.23117e-13 1.23376e-08 3.7549e-11 2.45909e-07 0.000659649 1.16362e-10 3.26867e-14 3.36395e-12 4.07368e-10 3.56137e-09 1.3707e-08 7.29129e-12 0.029256 3.97791e-13 0.0157761 0.00506838 0.00862942 2.33022e-11 1.82948e-11 1.3515e-12 9.99258e-09 1.58798e-08 6.72065e-10 2.63962e-08 0.000150437 0.00160031 6.52339e-13 5.53744e-12 0.00010239 8.92317e-11 5.31506e-23 3.79967e-13 3.77881e-14 5.53085e-21 3.27616e-16 6.2856e-24 3.66512e-16 4.3476e-11 1.62015e-15 1.50717e-18 2.35033e-10 
5.11966e-09 0.0230706 2.00969e-07 8.50258e-08 1.6695e-06 5.46155e-06 0.000153211 1.80657e-08 4.21604e-07 0.000255619 0.00709752 0.00539833 0.0707534 0.0247404 1.88422e-11 1.6549e-13 9.30507e-14 0.00123799 0.0112803 0.0330852 0.0232794 0.000731322 1.09481e-05 0.00153454 7.16306e-10 3.14773e-07 2.87825e-07 2.68183e-07 3.22075e-07 9.93699e-06 3.52289e-06 2.27055e-08 6.78867e-05 0.000391545 0.00721313 0.00555652 0.019335 0.00989964 0.0369887 0.000608032 0.00150504 6.98494e-05 0.000464007 0.0119542 1.49381e-07 1.41611e-07 2.08641e-07 4.00544e-05 2.35952e-08 5.13183e-08 2.84727e-08 1.93885e-09 2.02265e-07 1.51941e-06 0.00159719 0.00824986 0.0119923 0.035742 0.00508267 5.50865e-07 4.16796e-07 1.37918e-08 1.77029e-07 2.33917e-10 2.56366e-08 5.52319e-08 3.92632e-12 2.90992e-17 7.12726e-15 1.43399e-10 1.13383e-14 2.23124e-13 9.55793e-09 1.03391e-16 2.63054e-14 3.82561e-13 8.22985e-14 1.59121e-13 7.94639e-12 2.3154e-15 1.44754e-11 2.44491e-14 3.50362e-08 4.06439e-05 3.85046e-08 1.02196e-10 2.90644e-10 9.50859e-06 1.1752e-06 4.84432e-13 0.0321431 0.000570877 7.14508e-05 0.00221992 2.71554e-07 4.0537e-08 0.00488276 0.000344096 3.03152e-07 0.00103961 0.0775097 0.0144923 1.54957e-07 0.000871456 2.36002e-08 2.1461e-07 7.8289e-09 3.01399e-06 1.50698e-08 1.79017e-06 4.00967e-09 1.75725e-05 0.00426119 0.00612873 0.000598077 0.0371644 0.0205436 8.84549e-11 1.06563e-09 3.04573e-15 0 4.62831e-20 6.41889e-12 0.00395443 2.10396e-16 4.56094e-11 5.31543e-06 6.74078e-08 2.14363e-15 1.81627e-20 1.59663e-07 6.347e-19 3.30186e-15 1.21958e-17 1.31371e-10 2.48589e-16 1.19743e-07 3.42186e-08 1.18875e-18 1.34857e-19 3.7586e-14 7.87938e-11 1.65952e-14 3.8705e-10 0.000226603 4.13238e-10 0.00134205 1.08633e-08 0.0197085 0.0125016 4.85266e-05 0.034688 0.000387769 1.71186e-06 1.01783e-07 2.11811e-05 0.000471297 1.29943e-08 7.66931e-07 5.21906e-07 1.06256e-07 0.00832367 3.99822e-09 0.0161995 0.00278941 4.14791e-05 0.00020932 3.9888e-19 7.75156e-22 5.28867e-08 4.63408e-20 5.73922e-11 1.34038e-09 5.96451e-12 2.68544e-13 1.30193e-14 1.52086e-20 4.94927e-15 1.4278e-15 9.73897e-10 0.00204652 6.07069e-22 5.50087e-23 3.32468e-19 3.01826e-15 2.58123e-18 5.27423e-14 7.19969e-22 4.91478e-15 1.29942e-13 6.73751e-16 7.65552e-06 5.73843e-16 0.000620212 0.000737237 6.1008e-06 6.32606e-08 1.83017e-08 3.57063e-06 4.31956e-08 4.96752e-07 0.00223696 5.24611e-09 9.0362e-09 4.86859e-06 1.59037e-06 0.00124851 3.31846e-05 3.17249e-08 0.00447211 0.0360877 4.58379e-05 0.0204557 0.00714732 4.69691e-07 1.42053e-10 4.34501e-10 5.24423e-07 8.98985e-10 8.81875e-06 3.41303e-07 2.31681e-11 4.8642e-08 0.0170739 9.69837e-11 0.00291032 4.30406e-11 2.89405e-06 5.97782e-09 6.43388e-06 4.57803e-16 7.63274e-07 3.98231e-08 2.14235e-08 1.4898e-05 0.042831 0.106396 0.00821757 0.0530717 0.0276021 3.11498e-05 2.62598e-05 1.40462e-05 0.0033833 4.97399e-09 5.31369e-15 1.31459e-11 1.25234e-11 6.89578e-12 5.26721e-11 8.87557e-16 2.22149e-08 5.08047e-07 1.07804e-09 1.19775e-10 5.64041e-08 
1.53995e-27 2.45545e-12 6.59246e-21 7.96041e-20 2.84883e-18 9.86551e-09 4.52084e-12 5.50566e-24 4.18421e-20 1.81107e-16 1.7011e-09 5.20004e-15 1.54754e-09 3.07951e-09 2.30696e-14 6.0559e-14 2.99876e-17 1.24711e-07 6.60499e-05 3.30472e-09 9.5028e-07 2.80472e-15 9.99468e-16 1.46096e-10 7.28313e-22 2.6893e-15 4.94944e-18 1.6115e-14 8.72147e-18 2.73514e-18 3.50474e-20 4.47241e-17 6.37154e-15 7.16938e-11 8.34434e-12 3.13227e-13 1.90351e-10 2.04545e-09 0.00552177 0.0475691 0.0307533 0.0263784 0.0270164 3.58037e-10 6.42067e-19 1.7699e-14 2.28441e-10 2.14135e-16 6.95965e-19 1.36069e-21 8.32282e-17 3.79773e-20 9.71942e-17 5.7216e-06 1.37505e-16 8.1637e-13 1.2134e-05 3.75665e-10 1.5065e-06 1.40102e-18 3.75849e-05 0.0296431 0.025773 0.00911325 0.000665451 0.00704031 6.14116e-12 7.04709e-16 9.04165e-11 2.00714e-12 6.5643e-10 2.08471e-12 3.61557e-07 5.56674e-13 1.34517e-10 4.87643e-11 1.32975e-08 8.93436e-09 6.53089e-12 1.58527e-14 2.55836e-10 1.47643e-09 6.82246e-06 0.00589555 0.00402412 0.0123884 0.00701037 0.0399755 0.0189994 0.00339876 0.0109109 0.0166773 1.21659e-16 1.47964e-12 5.13883e-22 3.09519e-20 1.82577e-14 5.27126e-08 5.32816e-09 1.507e-16 3.13101e-07 6.68886e-11 1.9096e-17 1.29531e-07 5.93802e-24 9.82899e-18 1.42251e-17 1.33871e-15 3.68455e-20 2.85702e-11 2.67146e-12 1.30201e-17 1.5341e-10 1.00593e-05 3.47053e-11 7.15455e-05 0.00068853 0.019106 8.02967e-06 1.04167e-13 0 2.23618e-17 2.71898e-15 1.39002e-11 1.67486e-14 3.71431e-05 3.13611e-11 4.35752e-14 6.92346e-15 2.15217e-17 1.25987e-14 9.7586e-17 7.93263e-15 2.35362e-14 1.39796e-15 7.81246e-15 1.3764e-14 4.20426e-12 1.33887e-16 9.05692e-17 1.68749e-13 0.000166908 1.59095e-12 0.0413418 0.0287905 0.0366305 0.0050698 0.0174535 4.21129e-08 0.00280085 3.43583e-14 1.22815e-08 5.18785e-13 1.00472e-16 2.14318e-20 1.55624e-19 0.000111034 1.22289e-18 3.41364e-16 0.00281266 1.32633e-08 5.83612e-15 2.4368e-12 4.8425e-09 4.63341e-11 2.23799e-10 3.79401e-10 2.87865e-19 3.0684e-18 3.16995e-17 1.50226e-19 9.93389e-13 5.07712e-22 0.000318923 9.24123e-11 1.53774e-14 8.78551e-18 1.7836e-15 1.19828e-15 5.90117e-05 6.33776e-09 3.23587e-15 9.86124e-16 8.7778e-22 7.35405e-14 8.70945e-16 4.93919e-19 4.62964e-15 1.11303e-12 2.93587e-14 2.27433e-16 1.09147e-10 6.90193e-16 1.53672e-09 9.8205e-09 3.40955e-21 4.24263e-21 1.84312e-23 3.47122e-19 1.60193e-23 1.77466e-16 4.50719e-08 3.82188e-22 6.73602e-20 1.62721e-14 3.15708e-16 8.96602e-12 1.45451e-18 5.45793e-15 0.00108843 0.000992724 3.64924e-11 4.15485e-11 0.0138091 5.79958e-07 0.0149261 0.016054 0.033504 0.0301769 0.0101967 0.0193316 0.00610237 0.0246714 0.0280685 0.00306792 0.00169328 0.00108997 0.0317289 0.0301172 0.0154806 1.04689e-12 0.0167234 0.0381347 0.0384232 0.0281682 0.00280005 3.87242e-06 0.00375284 7.70266e-08 4.49039e-06 0.000416039 2.52779e-14 2.03649e-17 0.000996873 2.23285e-20 2.70959e-08 0.0563415 0.000237766 5.78114e-07 0.0215495 2.16469e-12 0.0142545 3.81785e-14 0.0115674 0.000161628 2.0704e-20 
0.00767552 0.0060434 0.0118452 0.0156768 0.0292283 0.00152592 0.00292475 0.00376905 0.0196092 0.0159522 0.020821 0.0166589 1.06011e-05 3.74604e-05 6.81104e-08 5.03132e-13 4.88127e-09 0.00190536 3.38336e-06 0.000908993 0.00144076 0.00666902 0.045902 0.00250438 0.00251065 0.0140475 0.0045067 0.0199532 0.0228526 0.0175149 0.0116766 0.00130553 0.00362971 0.0251945 0.00507996 0.00595989 0.0138866 0.00130105 4.68987e-09 1.83597e-14 1.3694e-13 3.59117e-08 1.23306e-16 0.00107148 0.0098558 0.0138609 0.000898971 0.0140413 0.0390467 0.0149597 0.0460028 4.28353e-05 0.00361886 0.0198426 0.0176854 0.00937374 7.39597e-06 2.79773e-05 6.90977e-06 0.00670037 2.39527e-20 3.91298e-23 3.759e-15 3.61369e-28 9.48626e-18 1.58539e-18 2.44749e-18 1.59472e-25 1.08759e-22 1.97734e-13 2.99846e-23 4.99495e-20 1.27677e-15 7.9745e-24 1.79444e-23 9.54033e-19 1.03245e-23 7.09652e-23 1.73594e-16 2.78793e-20 1.80613e-19 2.27174e-20 8.97129e-22 8.94115e-13 4.20937e-22 8.91155e-27 2.5162e-24 1.04761e-12 8.81632e-21 8.82049e-33 3.42856e-12 1.16537e-09 0.00185725 0.00771218 0.0206371 0.00763323 0.00588855 9.793e-07 4.1467e-07 0.00501078 4.37307e-05 0.00790837 0.00464089 0.0144532 0.00679025 0.0015573 0.00220177 0.000798667 0.00589798 0.00181063 0.00740121 0.00188975 0.0300304 0.00309532 0.0013501 0.000765682 1.67633e-12 2.4263e-27 1.28469e-20 1.02933e-23 0 2.67899e-27 7.37389e-13 4.23768e-06 4.98857e-24 1.03776e-25 0.000261118 3.76042e-11 8.61818e-21 1.51855e-27 3.04544e-05 1.2872e-23 4.20792e-16 6.17771e-24 0.000419237 9.6141e-22 0.000202927 1.26859e-16 8.21213e-23 3.65988e-26 1.5906e-17 3.94526e-22 1.78179e-23 5.71681e-22 3.05941e-13 1.18666e-24 1.517e-15 5.34046e-22 8.33419e-05 5.77982e-10 0.00981099 0.00319621 0.0336678 0.00600128 0.00244754 0.00193624 0.00484866 0.00989884 0.0066247 0.0046455 0.0210869 0.00857042 1.17601e-06 0.00106372 0.00261826 9.64203e-05 1.1959e-05 3.33069e-15 1.77245e-18 3.45318e-06 1.31824e-20 9.66237e-08 0.000962921 2.45084e-22 2.0661e-13 1.42007e-14 2.73353e-22 5.43719e-14 4.34266e-13 3.36757e-14 8.39548e-11 9.5617e-21 1.21907e-23 1.982e-15 2.42801e-16 2.479e-18 5.37336e-13 2.14723e-22 7.93863e-16 8.95405e-12 1.09589e-13 0.000177102 7.92136e-15 0.000125684 0.000540093 0.00899397 0.0185378 0.0123809 0.00568713 0.00186188 0.00623808 0.00166855 0.00300594 0.000827648 0.00872503 0.00703899 0.0111295 0.00122013 0.0141006 0.000165984 2.77309e-09 0.00443625 0.000381655 1.84015e-14 3.94581e-19 4.88237e-27 7.59653e-24 7.36463e-14 3.22271e-18 3.48237e-21 1.05802e-22 7.73597e-28 1.28002e-18 1.11433e-09 1.56233e-27 5.24937e-14 1.09344e-21 9.14444e-17 7.88811e-28 1.46544e-19 2.26539e-25 2.46488e-08 4.99591e-14 3.55962e-20 5.08679e-21 5.42639e-12 1.9822e-05 7.74702e-12 8.64061e-07 0.0105628 0.0127812 0.00727782 0.0188074 0.0259678 0.00107456 1.1847e-25 2.9624e-22 1.5301e-19 1.02648e-21 5.22142e-17 8.00404e-19 1.01622e-20 4.12331e-10 6.18989e-22 1.82889e-21 0.000819081 
0.0029081 0.00246707 0.000548309 0.000777445 0.00597253 0.0014386 0.0970218 0.0013855 0.00308585 0.00371226 0.0074163 0.00835938 1.9631e-05 0.000246615 2.65166e-09 3.26583e-11 1.32565e-08 0.00196779 4.23682e-06 0.000633725 0.00226078 0.00412467 0.000763312 0.0676304 0.00147815 0.00159676 0.00143995 0.00386436 0.00185988 0.0010105 0.00641637 0.000524275 0.00274618 0.00462302 0.000112362 0.00366518 0.0089671 0.00684283 1.13921e-08 2.45444e-14 9.07662e-13 2.25599e-07 6.1119e-17 0.000203972 0.00525811 0.000270267 0.00021728 0.00345697 0.000365019 0.00131002 0.000417161 2.65236e-05 0.00911359 0.0197757 0.00579991 0.00961447 2.62474e-05 3.28568e-05 5.31163e-05 0.00181364 5.25264e-18 5.10345e-21 4.53909e-11 2.62331e-26 5.30184e-16 1.39025e-15 6.745e-14 3.22959e-17 4.4065e-14 5.08951e-12 9.03498e-16 1.29836e-14 1.0379e-12 2.36612e-16 7.02588e-16 1.49893e-13 3.40555e-16 5.88281e-16 3.48423e-14 2.63054e-15 1.3531e-13 1.47903e-14 3.74957e-16 4.62909e-11 1.7744e-20 7.37089e-27 1.73035e-24 2.11188e-11 1.82428e-18 2.23116e-33 3.67555e-11 1.01344e-05 6.0581e-05 0.00441871 0.00682477 0.00221803 0.00802278 1.7211e-06 6.60584e-07 0.0304238 0.000154529 0.00895669 0.115426 0.00861669 0.000753926 0.000878111 0.0107879 0.000644739 0.00720676 0.0465131 0.000554604 0.0339656 0.00436543 0.000813891 0.0241447 0.00164906 9.36917e-12 1.79661e-27 1.90195e-15 6.80594e-16 0 1.35564e-19 1.16445e-08 1.89157e-05 3.26937e-18 2.67833e-27 0.000199028 2.43143e-07 3.40747e-16 3.09225e-19 6.49426e-05 4.38269e-17 2.76897e-12 1.96118e-16 7.71704e-05 2.96585e-17 0.000253744 7.15159e-14 1.23944e-16 1.32084e-19 7.64321e-14 5.27907e-17 3.74683e-16 6.79694e-20 4.13344e-15 1.20641e-22 8.58526e-15 7.8735e-22 1.1473e-05 1.52591e-10 0.000307005 0.000664173 0.00135004 0.0060195 0.00100632 0.000373934 0.00377835 0.0101945 0.00422679 0.00238057 0.0107291 0.016484 7.9328e-06 0.00607443 0.011976 0.000256865 4.11747e-06 1.22578e-12 1.56371e-14 3.58987e-06 1.67044e-16 9.86001e-09 0.000257574 6.8664e-17 3.12609e-10 7.1719e-11 8.93094e-18 1.82895e-10 6.59542e-11 7.07605e-14 7.9721e-11 1.65148e-14 3.58547e-17 4.36904e-13 3.83286e-13 4.71148e-16 1.58273e-11 1.50061e-16 7.32173e-13 6.73625e-12 1.40673e-10 0.000119645 7.38835e-13 0.000193034 0.0505342 0.00219309 0.00536024 0.00159015 0.00542365 0.000689715 0.0146063 6.88079e-05 0.00101118 0.000180913 0.0604554 0.00297271 0.00550106 0.000486012 0.000163963 0.00233948 1.03927e-08 0.0321054 0.0505279 1.01136e-14 1.04191e-20 5.07546e-25 6.8074e-23 6.26144e-13 3.59291e-17 4.27688e-19 1.37683e-20 1.11161e-28 1.31637e-17 5.10725e-11 2.1059e-23 1.39343e-13 4.95622e-19 1.21942e-17 4.30264e-26 2.65876e-16 2.41882e-19 3.34239e-09 1.99656e-11 2.66274e-22 2.71726e-21 1.15393e-11 2.35269e-05 2.79615e-11 2.04861e-06 0.000823857 0.00274888 0.00182921 0.00333344 0.000394605 0.000642139 3.00298e-19 1.63591e-17 4.44443e-15 1.98758e-16 3.32872e-12 1.74857e-13 2.05338e-18 1.36619e-06 7.3351e-18 1.71787e-17 0.0438985 
0.00200037 0.000578222 3.09383e-05 0.000353182 0.0186885 0.0086876 0.00364458 0.0850247 0.0130488 0.00433459 0.00672055 0.00257743 5.10068e-06 5.24546e-05 4.60609e-06 1.80313e-11 5.36155e-07 0.00124881 0.000144573 3.04252e-05 0.00810065 1.25954e-05 0.000101788 0.00111225 0.0010029 0.0811398 0.0118656 0.0133669 0.00217814 0.00722693 0.00945227 0.00716576 0.00212319 0.00386698 9.5215e-06 0.00328024 0.00300627 1.33212e-05 1.10895e-10 2.51827e-16 4.78834e-15 0.000529143 2.4733e-19 2.58006e-05 0.00755751 0.000329112 0.000169761 0.00665081 0.00352621 0.006981 0.0157931 8.61309e-05 0.00100253 0.0641084 0.000422531 0.000551632 0.000369268 3.42566e-07 0.00039724 0.0049556 1.70349e-20 1.54457e-17 8.3293e-14 5.50427e-26 3.74267e-17 1.02923e-17 2.91253e-12 3.04791e-22 1.99116e-19 6.43907e-10 8.47514e-19 7.90515e-15 8.37385e-13 2.66371e-19 4.94533e-19 3.21548e-15 1.56952e-18 5.34212e-18 5.07919e-11 4.86179e-17 7.05894e-18 1.24129e-15 3.80676e-18 9.0218e-11 7.10578e-19 2.50896e-27 2.40586e-26 1.06336e-11 4.35891e-16 2.89423e-29 2.19474e-11 6.44611e-09 2.42391e-06 0.0261886 0.0062286 0.0304201 0.0474734 1.73618e-05 5.92067e-05 8.86584e-05 1.07489e-05 0.00816186 0.0017154 0.000242832 0.00192885 0.0258806 0.0172047 0.0286354 0.00685909 0.00112375 0.0254542 0.000396663 0.0046245 0.000378646 0.000175904 0.000479454 1.42922e-14 7.75452e-25 2.51106e-17 3.48203e-20 0 9.52167e-25 3.56369e-11 1.13743e-06 1.17245e-22 1.07599e-24 0.000158253 7.60274e-10 8.15132e-18 1.7136e-24 0.0673125 4.44581e-22 1.61511e-15 3.97498e-22 0.012938 6.73063e-20 0.0163218 1.52626e-16 9.53487e-21 8.61604e-25 3.47815e-15 8.44796e-19 8.89927e-19 2.60993e-19 6.32753e-13 3.89692e-20 4.43536e-18 1.33358e-24 1.96536e-08 1.27538e-10 0.00011391 0.000675468 0.000721093 0.00521805 7.86695e-05 0.00041481 0.0044069 0.0578757 0.00671252 0.00089766 0.0046497 7.5956e-05 4.07151e-06 0.000449937 0.00044237 1.47815e-05 3.88734e-06 3.60711e-12 1.77374e-17 2.84188e-08 9.84196e-24 0.000414157 2.67262e-05 3.27571e-24 3.01671e-15 9.08875e-13 1.17909e-22 1.41641e-16 2.681e-10 1.60052e-10 8.82586e-11 1.09899e-22 6.71744e-27 1.23263e-11 8.41698e-17 2.26549e-15 4.0763e-12 9.23724e-25 1.8711e-15 1.87204e-09 3.81324e-10 0.00215079 1.32398e-11 4.36034e-07 0.0015326 5.47961e-05 0.0339903 0.00267741 0.00595815 0.00487123 0.00694853 0.00716903 0.00106084 0.0413136 0.00126843 0.00115933 0.00803935 5.61721e-05 3.19238e-05 0.000947809 1.54887e-09 0.00162687 2.31943e-05 1.28831e-15 2.56269e-21 4.85878e-25 4.91961e-21 1.73269e-14 9.84204e-18 6.22522e-19 1.49912e-19 9.53018e-27 6.04976e-16 1.18599e-12 1.95642e-24 2.16244e-11 1.02057e-17 4.42041e-13 4.78975e-22 2.68529e-18 9.62007e-21 0.000535518 3.15164e-12 8.64431e-18 5.61335e-22 8.66708e-12 6.0805e-08 4.50655e-15 3.24131e-07 0.000258735 0.00126678 0.00253319 0.00411597 0.000635844 0.0403957 7.04885e-29 2.20548e-18 5.82159e-19 8.51725e-22 1.03286e-16 6.0009e-20 3.48922e-24 1.97194e-13 2.79455e-21 7.4282e-23 4.09032e-05 
2.37634e-20 0.020939 2.43495e-09 6.75438e-14 6.46223e-15 1.25215e-08 2.81971e-12 5.64859e-18 1.97873e-13 2.23425e-14 2.08183e-12 2.02903e-12 7.48417e-10 1.70732e-11 4.04927e-09 0.00267285 2.08256e-13 2.35476e-06 0.00617817 2.46154e-06 0.0065751 0.00276111 6.64453e-10 0.000740349 7.73767e-14 4.54045e-12 2.98851e-13 1.20284e-12 1.56081e-10 1.339e-13 2.0317e-11 8.33947e-14 2.18329e-13 1.23322e-12 1.16582e-14 2.14732e-11 2.81494e-13 1.16737e-14 8.2525e-16 6.73387e-14 4.39452e-16 1.58615e-09 8.53494e-18 4.10001e-11 7.42735e-15 1.56363e-15 6.20405e-07 4.0179e-11 3.20802e-14 4.49969e-13 9.78979e-15 4.46708e-14 4.14115e-09 4.38016e-13 0.00592346 0.000195382 0.00160452 0.00299819 3.64612e-05 1.2885e-13 1.27869e-19 2.39006e-13 7.09925e-15 1.50153e-18 1.50201e-18 3.737e-18 4.64018e-23 2.43701e-33 3.37063e-29 1.5679e-23 2.05714e-30 1.48077e-21 3.6357e-20 3.01989e-35 1.43812e-31 1.21866e-21 3.34925e-22 7.45228e-23 4.10561e-21 3.20661e-23 7.39007e-25 1.02914e-22 8.93566e-23 2.75653e-09 3.42689e-19 7.07204e-18 8.0417e-19 1.23461e-12 5.92752e-15 2.11347e-20 6.78667e-13 2.45484e-16 1.9238e-14 1.072e-12 3.04819e-12 3.9424e-14 2.905e-07 1.33823e-06 4.11842e-05 0.010237 0.00741344 0.00014635 3.50203e-06 5.1121e-06 1.25913e-12 9.18861e-15 8.74309e-15 8.52387e-15 2.11091e-15 1.82294e-07 5.35156e-06 4.87903e-14 2.99339e-12 4.84454e-13 7.10076e-14 1.96176e-10 6.34261e-15 4.81136e-17 2.35471e-18 2.42248e-29 0 2.47612e-31 1.4082e-31 5.96792e-20 3.42068e-30 5.3129e-22 8.10581e-17 3.22979e-27 5.64388e-17 2.91847e-31 1.04001e-22 1.09082e-32 4.05046e-28 8.5645e-29 4.28682e-21 3.08614e-18 1.20289e-18 1.19359e-22 3.62202e-28 1.41117e-33 5.37078e-19 6.09327e-20 1.24458e-30 2.23392e-18 1.88099e-14 1.21528e-17 1.81874e-17 1.91612e-18 4.87781e-13 3.97612e-10 6.67779e-15 4.95472e-13 1.13688e-12 1.03888e-13 9.77477e-13 1.36068e-11 6.20615e-10 2.45469e-11 1.98276e-11 0.000135158 0.00377726 4.67483e-05 7.7287e-07 7.5497e-08 0.00347545 4.53441e-06 2.61784e-06 1.91347e-05 0.00418255 8.99528e-06 0.116753 0.0758427 0.0197903 0.0370924 0.0964652 0.00472469 0.101854 0.012546 3.87588e-08 0.0269879 0.000462959 0.0116262 0.0309499 1.35569e-06 0.0741645 0.0254408 9.11024e-06 0.0285822 0.025336 4.53897e-11 0.00909668 1.39246e-06 2.67203e-05 1.20112e-05 2.39967e-07 8.83911e-07 7.67084e-17 5.74381e-14 1.54294e-14 1.56648e-17 8.14543e-13 4.45242e-05 3.70885e-12 1.76076e-16 3.46816e-14 1.64329e-15 9.86833e-12 1.28013e-14 4.50039e-15 1.80448e-11 4.4046e-12 1.36596e-13 2.44638e-14 5.27089e-17 2.69314e-20 3.92281e-18 5.70329e-19 6.1852e-19 6.8313e-19 8.68467e-18 3.52664e-18 2.56674e-19 6.68264e-15 8.89929e-16 2.79408e-19 1.91716e-14 9.68813e-18 7.159e-13 7.64239e-18 7.31584e-19 7.46089e-30 1.17556e-16 1.7161e-13 4.95978e-17 7.98287e-18 6.97092e-15 1.31183e-12 3.46854e-17 9.37186e-13 3.23582e-13 2.46631e-08 2.93777e-14 2.21179e-14 0.00125574 1.65099e-16 0.0477471 0.00212453 0.0359868 0.0370538 0.0134381 0.0405408 0.000804479 0.0179289 0.00998666 0.0151636 2.10609e-05 
0.000221124 0.0014792 2.85449e-05 0.00239113 0.00256752 0.022592 0.00309504 5.50827e-05 0.000124437 0.00368326 0.00533758 0.00363602 6.87659e-05 0.018501 1.05801e-07 1.00564e-08 5.94999e-06 0.0696276 0.00633886 1.18899e-05 0.0107774 0.000288999 0.000300651 0.000709146 1.79726e-08 0.00126982 0.0115978 0.00931402 0.000931456 0.0151638 0.00357899 2.02959e-05 0.000129487 0.02148 1.50648e-05 0.00288704 0.00702107 0.0432775 4.71145e-07 8.57571e-10 2.22124e-08 0.00426337 3.31154e-10 0.000121061 0.00543442 0.000117222 0.0117109 0.0942903 0.000128758 0.000259429 0.000253793 0.000242867 0.00202405 0.110394 0.0030666 0.000654996 0.00515823 0.00115354 0.000723758 0.0472608 6.04711e-12 1.50765e-09 3.79191e-07 7.73036e-17 1.26816e-11 1.41094e-12 2.60867e-14 3.59164e-17 1.58074e-13 2.95513e-15 7.88388e-14 7.99777e-12 3.75267e-10 1.34467e-15 4.83802e-16 4.23498e-11 8.39486e-17 3.04642e-15 3.73652e-14 1.44901e-12 3.34081e-13 2.46546e-11 1.91812e-14 7.22478e-06 1.05192e-14 3.99359e-18 3.60138e-17 3.27553e-09 2.24644e-09 4.5558e-21 1.90086e-07 1.26919e-05 4.50987e-08 0.00043456 0.000108867 0.000296186 0.000632684 0.0673767 0.000666777 7.59687e-05 0.000905312 0.00141312 0.00014653 9.63227e-05 6.02333e-05 0.000142183 0.00011182 1.53068e-05 0.00486114 0.00168407 2.97905e-06 0.00085608 0.00573211 1.3217e-06 0.000238945 0.000522857 3.79466e-08 9.37254e-18 1.26365e-12 2.28266e-15 0 8.22202e-16 2.81687e-10 3.50263e-07 4.13353e-14 2.4389e-17 0.00550976 1.74794e-08 1.90755e-11 4.31148e-16 4.1192e-07 1.75438e-13 1.65312e-12 1.3314e-12 7.33902e-06 1.73472e-12 5.17308e-06 1.0372e-09 1.82733e-12 1.65943e-15 5.08763e-10 7.68432e-15 7.37946e-17 5.16623e-13 3.02583e-09 7.27769e-13 4.57062e-10 1.41184e-15 8.00146e-06 1.98799e-06 8.00549e-06 0.000154957 0.00663653 0.000467192 0.0207791 0.000677608 0.000357628 0.00996102 0.00239328 0.000836787 0.000713842 0.119452 0.00121252 0.00844271 0.000923725 0.00907651 0.000946441 7.39755e-09 2.26552e-12 0.000103446 1.35437e-17 0.000323015 4.66653e-09 3.69859e-14 5.19766e-11 2.98801e-07 1.919e-16 4.6286e-08 3.67678e-09 5.43822e-09 9.47181e-07 8.7673e-16 6.01087e-18 3.68301e-10 5.00006e-10 2.81805e-15 7.16627e-10 1.69821e-16 4.85461e-11 1.39033e-08 1.39721e-08 0.0860627 7.16438e-11 0.0219938 0.00231268 0.000271854 0.000374487 5.67105e-05 0.00065554 2.26832e-05 0.00345982 0.0116988 0.000148824 5.09913e-05 0.00158752 4.5962e-05 0.00795519 4.19449e-05 5.03489e-05 0.00258855 1.18308e-05 0.00622681 0.00314844 4.46328e-09 1.06668e-13 5.49437e-16 2.55162e-16 2.22835e-11 3.13899e-11 1.81736e-12 6.97378e-13 2.07863e-19 1.89793e-08 1.04099e-08 2.00506e-17 7.36386e-06 2.42823e-11 4.16508e-11 1.87074e-14 3.44003e-12 6.82523e-24 7.63903e-08 2.79876e-07 3.72169e-15 7.50879e-14 1.39682e-07 0.00228602 3.18318e-08 2.31722e-05 0.0143489 0.0012257 0.000348945 0.000797505 0.000972692 1.11603e-05 3.70876e-16 1.02105e-10 5.57705e-11 3.25811e-13 2.71204e-09 5.39891e-10 5.80182e-12 1.37644e-07 6.5736e-12 3.52925e-12 2.22574e-05 

