10
256
0.1 0.1 0.1 0.1 0.1 0.1 0.1 0.1 0.1 0.1 
0.589782 6.36821e-582 1.35858e-194 8.59062e-518 0.391314 7.66295e-536 1.11026e-837 5.6874e-274 6.3745e-3827 0.0189046 
4.01717e-617 0.947126 5.18604e-366 0.0243059 5.46326e-866 0.0285679 3.34617e-132 7.1947e-1579 2.72403e-216 7.0475e-53 
6.966e-182 1.14969e-359 0.906396 1.15934e-715 0.02279 0.0641406 1.45001e-450 9.47878e-450 3.03441e-791 0.00667366 
2.02507e-519 0.267509 1.97611e-710 0.714761 3.21051e-854 1.52005e-257 0.0143731 9.73688e-641 1.9414e-371 0.0033569 
0.0143731 1.47452e-876 0.052562 6.26537e-895 0.933065 9.25647e-270 8.38202e-948 7.62295e-1406 1.28893e-3522 4.57635e-161 
9.20208e-460 0.0508509 0.0687137 2.69836e-84 9.13817e-294 0.880435 7.71095e-45 1.79875e-2225 2.68825e-264 2.27939e-204 
2.02463e-831 3.07208e-128 4.40389e-506 0.191927 3.98903e-1075 0.00755902 0.746365 3.82022e-2535 0.0541491 1.43172e-372 
4.51808e-277 5.17657e-1620 7.10367e-483 2.49602e-673 2.04436e-1110 3.31087e-2239 8.24397e-2603 1 3.2676e-5751 6.33137e-29 
3.63352e-1956 1.7217e-273 1.41973e-768 8.3848e-433 1.39823e-3744 1.03721e-286 0.000333363 2.67977e-3849 0.999667 1.00992e-1377 
0.128983 5.18335e-49 1.10182e-38 3.13338e-43 2.64976e-132 5.83166e-49 3.20862e-365 0.074406 3.7209e-1395 0.796611 
9.33319e-221 5.01309e-39 7.86052e-39 2.55601e-141 2.86187e-704 2.85965e-715 1.04115e-635 6.8609e-736 2.48211e-1598 2.11291e-2578 2.51427e-2688 9.53497e-2849 1.64736e-1809 5.99374e-3026 0.128749 0.0165641 0.0135605 0.000108414 0.00712698 2.40436e-36 8.98886e-28 2.70733e-31 1.55521e-39 1.51911e-40 1.13299e-323 3.90183e-24 2.87125e-1009 1.58037e-1106 3.9318e-718 1.01382e-955 1.50416e-1481 1.84811e-2350 1.79266e-1510 4.02883e-2530 1.72662e-4198 2.53424e-3423 4.31885e-4353 4.69835e-3271 7.61274e-1132 9.02643e-879 1.44635e-3101 3.22318e-545 6.79846e-3067 2.00258e-3184 3.09328e-1518 2.14795e-1978 9.26513e-1022 1.71524e-582 1.39058e-333 4.24408e-1721 6.50068e-20 5.02962e-475 0 3.23888e-1042 3.90089e-41 1.32295e-41 3.94199e-08 4.91519e-40 2.26008e-16 9.62541e-766 7.43638e-2894 1.87446e-464 2.38446e-4248 3.40398e-5465 3.27017e-5643 2.13784e-2864 4.89445e-3230 2.64731e-3308 0 7.80719e-3360 0 2.25942e-3246 6.9612e-2964 7.08856e-8233 3.74887e-3326 0 3.08837e-3302 9.28778e-7914 1.25625e-3086 7.25351e-4797 8.01184e-3330 1.20208e-4552 4.0294e-3321 1.98751e-2843 6.74287e-5779 3.0187e-4206 4.75711e-4281 7.57312e-4257 3.45682e-2956 5.19584e-54 2.75874e-2563 4.95656e-4682 1.39905e-3170 1.20857e-1539 3.40976e-657 5.20949e-550 1.39698e-39 0.106455 0.0260607 1.63875e-11 3.42964e-40 1.27933e-18 9.72153e-705 7.99732e-41 6.61514e-443 5.9801e-1094 1.03373e-844 7.79373e-1017 2.50022e-56 4.1118e-618 2.25443e-681 3.32885e-2613 3.33226e-2737 3.23882e-4060 5.5237e-3769 2.5057e-4211 1.93625e-4095 1.46606e-2955 2.58676e-3380 2.42522e-3316 1.25237e-3370 0 0 0 0 0 0 0 0 0 0 0 0 0 0 0 0 0 0 0 1.58033e-3321 1.23441e-3192 4.28858e-3348 1.30073e-4583 4.75464e-6064 4.42013e-4196 1.05396e-3005 4.38313e-2479 3.11828e-3274 6.45238e-2716 3.30921e-3232 2.5627e-1556 4.24404e-1479 6.78551e-1681 1.53073e-955 2.14116e-1106 8.60862e-189 9.97324e-614 7.9445e-1143 1.26766e-817 1.42088e-169 3.27995e-43 5.29953e-38 1.69086e-41 0.219064 0.0266315 0.0303472 2.35376e-49 1.83112e-34 0.0128878 9.35867e-1105 1.39679e-16 1.88926e-549 1.28985e-35 0.034812 0.0584015 2.41857e-09 0.0474581 0.0464594 4.89023e-20 3.74904e-38 0.0573413 2.3357e-42 8.66823e-41 0.0117491 6.07165e-07 0.000148414 1.49602e-11 4.50516e-44 0.0194011 1.83446e-39 0.0722209 0.0393596 0.0250921 2.98111e-40 2.80557e-40 1.343e-228 9.97066e-533 1.13975e-915 6.23621e-642 1.04391e-768 2.79383e-602 7.75197e-527 1.11396e-1204 6.91406e-1462 1.12603e-2731 1.3516e-2314 6.53499e-1522 1.69287e-1476 4.43941e-3316 1.57382e-2252 2.02601e-1836 1.46645e-55 3.14008e-4309 9.05069e-3516 1.33275e-1421 8.69562e-4222 2.771e-3571 4.90886e-4974 6.14269e-4386 0 8.26121e-3841 8.60099e-4185 1.4126e-1988 6.02793e-3015 3.39046e-2354 7.68203e-4268 1.76885e-5559 4.06848e-3061 1.3416e-2874 1.0979e-3081 3.88394e-4278 1.48302e-5064 9.9287e-4650 6.14012e-3159 4.52152e-3275 5.4971e-3300 6.52649e-4077 2.02427e-2957 2.82747e-3208 1.00068e-1873 9.89494e-2826 2.24889e-1519 1.26738e-1604 2.43213e-830 7.78718e-260 1.52625e-589 0 0 0 1.43496e-1142 3.93419e-542 0 1.95505e-41 3.66319e-268 0 
3.80383e-739 1.33959e-2779 4.76024e-488 1.01117e-394 9.2867e-608 3.93209e-358 2.3609e-301 2.77098e-253 5.11104e-58 1.12421e-58 1.31487e-17 0.00359009 0.0112996 0.0947671 9.97202e-1472 3.13819e-1281 3.59284e-1038 2.63258e-2715 1.6377e-1053 1.50028e-4097 2.04312e-4143 3.48883e-2904 5.69303e-2972 5.08123e-4153 1.92709e-479 6.45686e-873 1.10931e-266 6.82979e-527 1.17341e-468 1.46467e-56 1.37787e-44 8.94336e-56 1.542e-16 3.0166e-29 0.010584 0.0052871 0.0237912 0.0158613 3.0231e-17 1.37328e-11 0.116338 1.84818e-34 0.0105593 0.0419576 3.7211e-19 1.44487e-55 2.21413e-69 1.00039e-99 5.42024e-298 2.64539e-334 3.38652e-520 3.22731e-128 0 1.70623e-284 4.43243e-542 3.05349e-3531 3.82978e-3653 9.81629e-2777 1.49823e-4123 4.49203e-67 4.37678e-27 2.3619e-07 1.20875e-37 4.49984e-304 5.47587e-155 1.02828e-53 4.11466e-290 2.55492e-167 0 2.43767e-495 0 1.25816e-311 1.66387e-51 2.34742e-881 2.56127e-509 0 8.4415e-480 4.62268e-882 1.40246e-160 4.1019e-234 1.73311e-468 4.37822e-256 7.44952e-164 2.42367e-54 1.0917e-404 1.30504e-43 1.84909e-35 2.09212e-49 4.13339e-41 4.16054e-40 1.3509e-38 0.00528724 0.0218922 0.0182774 7.44399e-211 1.3079e-46 8.09358e-5331 7.59521e-826 1.63556e-1192 1.71644e-2914 7.10608e-2785 4.34431e-2191 4.28272e-663 1.31524e-3004 2.39945e-500 2.52731e-387 8.40639e-378 1.33284e-86 9.67004e-274 1.62909e-89 1.57055e-56 2.77297e-58 0.0085292 0.0422985 0.00793716 0.0181656 0.0317764 1.84239e-37 7.48988e-474 2.62756e-484 4.08664e-194 0 0 0 0 0 0 0 0 0 0 0 0 0 0 0 0 0 0 0 9.02568e-501 9.17753e-353 7.61221e-471 9.24581e-94 9.97173e-352 3.82463e-37 1.00108e-36 8.31024e-05 0.060853 0.024105 0.00264355 0.0356916 1.95403e-57 5.764e-57 8.69328e-123 2.58673e-491 1.78248e-296 6.94609e-675 3.5272e-279 2.65249e-308 1.62066e-947 1.42902e-610 1.33326e-2830 2.14991e-2974 8.16203e-1754 6.5197e-940 1.0158e-453 2.44667e-678 2.12485e-675 4.0521e-972 7.03677e-2079 1.75272e-683 1.45582e-1002 1.20538e-323 1.98506e-700 9.45071e-320 3.30565e-413 6.18586e-679 4.88341e-852 1.95039e-680 9.51741e-678 2.662e-784 6.66425e-678 7.57072e-477 4.31099e-327 4.79632e-447 2.79773e-391 2.25439e-443 6.09969e-367 8.74115e-719 3.14313e-676 1.95414e-988 3.07309e-353 1.0598e-2676 5.11115e-2978 1.27907e-547 1.33231e-628 1.876e-747 8.1679e-497 1.69616e-411 4.59753e-378 9.04353e-505 2.10002e-428 4.96831e-93 3.8287e-46 2.40041e-58 8.16809e-56 1.78297e-21 1.84491e-61 0.023456 0.000173715 0.026294 5.32158e-10 0.0132254 2.47989e-38 3.23851e-06 2.09654e-36 2.75534e-32 5.14049e-97 1.84989e-41 0 6.08269e-31 2.14956e-38 5.36877e-05 1.92595e-142 2.35002e-36 3.80662e-37 9.38044e-155 3.37089e-40 2.57973e-07 1.15739e-138 3.19167e-39 1.48283e-38 4.6423e-37 1.08729e-24 0.0817765 0.076339 0.0664616 0.0269144 0.0290202 0.0108907 2.68526e-17 0.0338157 1.76869e-108 4.02626e-257 1.80744e-622 2.18403e-1053 0 0 0 1.03349e-2113 3.33694e-1031 0 9.55752e-327 1.79999e-635 0 
0.0214308 2.97245e-59 3.87399e-19 0.0267624 0.0404203 0.0857498 0.0383011 0.0135066 6.62907e-19 3.4769e-44 2.47258e-46 9.93162e-49 1.96232e-340 9.37163e-504 3.15489e-141 1.58984e-171 2.4202e-161 2.03802e-67 5.67927e-366 1.62074e-57 7.93165e-57 1.90266e-55 2.53103e-57 1.51664e-58 0.0228849 0.0105591 0.00969006 0.0185313 0.022824 6.57223e-13 1.24089e-33 5.73384e-42 1.47152e-47 2.83885e-45 1.07615e-417 7.42731e-461 8.81992e-917 2.05073e-668 5.51545e-1006 1.77341e-1133 2.01843e-662 1.16557e-548 9.73145e-1112 6.14974e-603 3.70553e-46 6.91581e-39 0.005295 0.0435316 0.0334725 6.47422e-20 7.12436e-06 0.0389068 0 0.00897621 3.70139e-23 1.01091e-59 5.07824e-66 1.94053e-59 1.62073e-59 1.75827e-05 6.2782e-2148 3.28229e-729 1.54781e-3487 1.47454e-2690 1.04849e-3997 6.58859e-47 2.80285e-1977 3.20065e-2688 0 1.47611e-2749 0 1.76795e-2689 1.85043e-2510 9.14884e-6108 1.19743e-2686 0 6.36764e-2677 2.46684e-6023 2.82922e-2483 3.78953e-3047 5.8406e-2717 3.28052e-2909 7.86176e-2688 1.94375e-46 3.74747e-2989 7.25274e-3910 1.47123e-2962 1.55328e-2736 1.37208e-2435 1.19151e-339 1.74778e-1631 5.61121e-1262 6.51218e-208 1.00907e-39 0.0454081 0.0111504 1.0838e-59 6.29622e-101 7.86079e-150 5.0448e-61 9.85083e-61 2.87434e-53 0.00969039 5.31788e-37 0.0203308 0.0635864 0.00653839 0.00285335 0.014101 0.0415308 8.42957e-30 8.69418e-45 3.81296e-51 4.03285e-939 1.30075e-373 7.12784e-1243 5.30124e-1279 4.20414e-2607 1.42247e-2859 1.71119e-2708 8.11469e-2711 0 0 0 0 0 0 0 0 0 0 0 0 0 0 0 0 0 0 0 4.89156e-2684 1.64961e-2685 2.52053e-2748 1.58725e-3931 2.29671e-4613 2.67849e-3417 1.6106e-2544 7.93454e-707 1.63237e-682 4.73033e-695 8.42941e-574 1.69233e-97 1.21004e-42 3.60087e-20 0.00722606 0.0193709 0.0425374 0.00968519 0.000223689 0.0601321 0.00644696 4.72864e-05 6.95604e-59 7.55623e-59 3.70367e-65 7.97069e-432 4.42294e-150 1.65324e-338 1.14218e-339 1.05163e-464 1.14924e-1647 1.88939e-347 1.78427e-662 9.89754e-49 2.19951e-363 1.09012e-47 1.97669e-145 4.40432e-226 7.67478e-436 8.91907e-343 3.70326e-340 3.24435e-429 5.19539e-339 7.6102e-208 8.72631e-56 4.72117e-180 1.71251e-122 7.95708e-174 1.99107e-91 4.30526e-377 4.03498e-336 5.18131e-92 4.37158e-81 1.20701e-79 2.99675e-57 7.91937e-43 0.059414 0.0222541 0.00671165 0.0323704 0.00342142 0.00996452 0.00949907 0.00818106 6.6121e-28 7.86927e-44 2.93141e-42 2.762e-46 8.6341e-45 4.35151e-745 1.90555e-940 3.25747e-96 5.55342e-339 4.86365e-1227 4.70512e-2139 9.09943e-1119 8.90972e-3424 6.76572e-2239 4.20321e-2722 6.5147e-4319 0 7.10412e-2616 2.89601e-2836 2.51135e-932 1.09962e-1949 3.4396e-1487 1.84071e-3167 2.33578e-3974 9.63257e-2335 1.77428e-275 1.01102e-579 3.94529e-4001 6.30686e-3481 2.315e-4043 1.46041e-1054 4.54806e-691 6.24368e-707 1.68629e-1219 9.36544e-1187 5.11077e-659 1.5625e-48 1.24828e-48 1.00605e-48 0.000126967 0.0463305 1.25598e-309 3.37756e-707 0 0 0 7.45833e-1684 3.5621e-688 0 3.01713e-51 4.20531e-319 0 
2.33882e-2389 7.09386e-4195 4.02258e-1761 2.80751e-1666 8.17746e-2144 4.46962e-996 4.22839e-1598 1.57903e-1113 3.65688e-791 3.42163e-598 5.35827e-187 1.43061e-46 1.0029e-26 1.87228e-39 9.41193e-1192 1.89842e-989 2.11122e-752 4.74569e-2423 9.57686e-778 3.02066e-4570 3.96504e-4255 1.29546e-3386 6.69321e-4550 1.75686e-4545 4.75364e-1740 1.23388e-2554 1.20816e-1567 3.16522e-2389 3.54953e-955 2.34042e-921 3.63186e-694 2.40625e-919 6.50808e-527 5.70761e-60 1.71103e-42 1.62025e-42 3.98754e-43 4.29752e-21 0.0321815 0.0653785 0.00846608 0.0247512 6.37265e-06 4.62531e-36 2.60927e-546 7.58427e-881 2.33629e-571 1.04512e-1190 3.91844e-677 1.37306e-2156 1.07269e-1783 5.29724e-1416 0 1.48612e-1570 3.69767e-1800 5.04416e-4672 1.03101e-3884 4.51661e-4433 8.65448e-4223 8.39675e-989 0.042942 0.0364619 0.0046289 3.6277e-13 9.88747e-07 7.39185e-37 9.64201e-53 3.23406e-51 0 1.38164e-62 0 5.529e-51 1.51148e-07 2.86123e-804 1.22233e-47 0 2.77099e-46 1.58511e-772 7.12524e-48 6.05657e-707 1.23517e-81 4.28907e-353 1.54391e-47 1.14832e-50 5.39789e-44 0.0297249 0.0226624 0.0201465 0.0670184 0.0111207 0.00816867 2.37426e-10 2.70243e-45 1.22384e-49 1.27229e-1053 5.41874e-579 1.92391e-6282 1.63182e-560 7.98063e-899 5.0999e-2623 6.5188e-4444 1.44012e-1921 3.51788e-1998 2.13069e-4295 1.68346e-1760 3.26787e-1851 7.37485e-1667 4.0571e-1165 1.45645e-409 5.30997e-717 1.44813e-608 4.03135e-631 8.97047e-48 1.48093e-43 1.91927e-41 3.83435e-18 0.000499084 0.0261181 1.42179e-244 3.1521e-59 8.31251e-71 0 0 0 0 0 0 0 0 0 0 0 0 0 0 0 0 0 0 0 1.86551e-48 1.1339e-64 4.20095e-126 2.67078e-11 4.74481e-42 0.0265159 0.0062289 0.0673098 1.50592e-28 0.0150672 8.46504e-41 3.12276e-47 1.18047e-918 1.68587e-849 3.49301e-688 2.42718e-1606 1.09228e-206 1.39454e-2513 5.39189e-1567 5.12576e-2056 5.63432e-2785 7.36946e-1893 8.8395e-4493 3.4378e-4321 1.28784e-1464 3.48832e-663 9.85162e-188 2.27322e-406 4.0618e-400 1.04541e-697 3.8069e-1813 4.00085e-412 1.96812e-758 5.20261e-62 6.84261e-426 1.2359e-58 1.61352e-153 9.3957e-409 3.55538e-569 8.21007e-410 7.74315e-407 5.58477e-506 5.18586e-406 4.35409e-221 3.01769e-65 3.62282e-186 6.53919e-129 6.59809e-189 1.5654e-108 1.05532e-446 1.93363e-403 3.38547e-721 1.34816e-90 3.75066e-2407 2.92717e-4212 4.14039e-1805 5.36809e-2302 2.87196e-2524 3.71164e-2193 5.21748e-1588 4.62834e-1645 4.65464e-1226 7.886e-764 6.89566e-587 2.72518e-612 1.39783e-549 4.55269e-948 1.02403e-294 6.30013e-206 1.68858e-32 0.119425 9.9117e-44 0.0092354 8.8234e-17 0.00359285 0.0352891 0.0169095 0.013564 7.44272e-13 0.039391 0 0.0203514 0.0528846 0.0192919 2.09334e-37 0.0182211 0.0145322 4.38189e-07 0.0644524 4.32979e-16 1.67496e-42 0.009196 0.00768905 0.00848381 0.0261667 3.84564e-06 4.06194e-24 5.85397e-16 0.00592209 1.1906e-33 2.11349e-42 1.5032e-525 5.98099e-48 4.99832e-1057 2.42537e-1641 6.35443e-372 7.80595e-810 0 0 0 2.33225e-1848 2.83877e-788 0 9.31294e-66 6.97284e-385 0 
6.67648e-10 0.0398097 0.0314025 3.59455e-20 3.782e-62 1.10521e-53 1.4027e-63 6.88358e-58 2.6127e-314 3.47934e-675 1.00701e-762 3.67317e-881 1.72624e-774 1.30694e-1792 2.28053e-11 1.59487e-32 8.68452e-41 0.0703095 5.25899e-26 0.107788 0.0577381 0.0578287 0.0163869 0.0725997 7.89834e-09 0.0157538 5.74545e-64 1.73255e-64 2.41303e-55 1.22876e-77 3.39389e-431 1.65762e-564 5.44034e-452 1.46959e-824 7.32208e-2165 3.03998e-2190 4.0076e-3617 5.02002e-1952 1.24227e-3013 3.15136e-2778 5.148e-1959 1.51117e-1593 6.61036e-3022 7.94905e-1976 2.60583e-467 6.15718e-489 7.68265e-67 2.36399e-64 3.29928e-64 7.02009e-122 0.0280956 7.95642e-64 0 3.41453e-63 0.00712587 0.00468274 0.0163896 0.0374621 0.0207625 1.01264e-120 1.25691e-4337 1.2268e-2055 2.92471e-5478 4.1415e-6041 3.20211e-7040 1.13392e-859 5.81214e-3362 4.31378e-5421 0 5.19614e-5361 0 8.43848e-5381 8.33263e-4657 1.87645e-10149 1.61143e-5418 0 1.34132e-5212 3.95383e-9150 8.20004e-4634 2.00721e-6046 2.66534e-5272 2.58047e-5708 5.72933e-5361 1.79053e-835 2.03134e-6212 1.06023e-5978 1.71637e-5294 1.81943e-5267 4.08582e-4695 1.32173e-1069 5.51788e-4098 8.55565e-3983 9.84929e-1697 3.15366e-498 1.25516e-48 2.1832e-40 0.00936199 0.0115566 9.32211e-18 0.0634966 0.0375597 0.0582226 1.1215e-61 0.00469502 7.41496e-12 4.43898e-64 1.52384e-62 2.79995e-70 3.27359e-62 5.25202e-58 3.6123e-141 6.54686e-756 2.20804e-778 2.15529e-3639 7.79758e-1889 1.28171e-3961 1.93796e-4012 1.20697e-5095 4.28687e-5524 1.31985e-5345 3.68497e-5441 0 0 0 0 0 0 0 0 0 0 0 0 0 0 0 0 0 0 0 7.0821e-5419 1.45742e-5354 3.59469e-5362 1.96563e-6481 2.12476e-7672 2.75958e-5718 1.48983e-5097 5.0993e-2006 5.52129e-1963 2.32892e-1986 7.95553e-2663 4.15397e-509 3.80858e-409 5.68135e-284 1.68492e-69 1.2997e-64 5.19056e-64 4.31121e-54 7.44487e-65 2.33867e-64 1.60145e-05 0.0762801 0.0319847 0.018739 0.000208585 5.26609e-47 5.77484e-29 5.58975e-239 5.074e-214 1.8442e-39 9.73832e-3227 6.69261e-82 6.06307e-1716 9.75061e-473 4.05202e-51 1.84789e-41 7.67119e-86 2.37273e-41 3.33925e-43 4.58861e-83 1.09997e-177 7.80666e-45 8.08662e-153 2.26285e-390 1.78164e-52 1.84348e-125 1.68857e-55 1.10543e-74 1.35982e-287 7.9216e-46 1.00398e-379 0.00581002 9.14008e-47 0.0448727 0.0351207 0.0179403 1.05305e-11 4.69943e-52 2.27831e-65 8.76541e-50 5.81652e-51 1.55867e-60 2.38513e-57 8.36434e-87 2.73132e-393 2.60144e-721 6.05664e-629 5.2845e-467 9.48306e-405 2.58259e-2129 4.57049e-2776 1.27684e-793 3.23951e-1077 2.64225e-3948 1.1037e-4891 2.42509e-3219 3.56301e-5650 6.30927e-4943 5.01729e-6109 5.52865e-6331 0 1.44541e-5208 5.49067e-5617 1.3598e-2283 3.64905e-4365 1.74369e-2832 8.36269e-5613 3.86026e-6285 4.25791e-3715 1.94752e-1547 2.73166e-2250 4.79225e-6216 1.30697e-5735 7.13512e-6154 7.98069e-2364 2.70644e-1987 5.86925e-1990 8.13942e-3934 2.63029e-3899 1.80306e-1970 2.16512e-832 6.66327e-826 5.56656e-466 1.63842e-250 2.02625e-51 2.19482e-1360 1.32742e-1762 0 0 0 5.1589e-3254 2.17138e-1743 0 4.4443e-336 5.66392e-1370 0 
1.90994e-45 1.76687e-598 1.07256e-42 1.07815e-41 1.56034e-39 3.19736e-28 3.89822e-32 2.92281e-33 0.0190212 0.00773137 0.031615 0.017735 3.79752e-40 1.47469e-60 2.09474e-839 8.90725e-1024 2.99261e-1164 7.72508e-1117 5.81455e-1017 1.2779e-1027 8.70892e-1050 2.76971e-686 4.37862e-677 4.7264e-1020 1.03533e-47 1.97825e-80 9.79527e-31 7.29772e-33 4.13116e-41 0.0726575 0.0252875 0.0190064 0.0294434 0.0315842 8.16896e-41 2.62017e-33 3.61536e-56 9.6238e-61 1.77806e-158 4.8334e-101 1.57922e-68 8.8224e-157 1.47045e-102 3.80969e-46 0.0189644 0.0302787 0.0166279 0.00317959 2.04958e-39 5.7282e-33 2.10149e-58 3.67081e-34 0 1.1271e-39 3.06315e-39 6.84736e-822 1.67824e-1195 1.70509e-594 9.52519e-1127 0.047034 2.29553e-143 3.32697e-171 1.31067e-319 3.84826e-397 5.06591e-429 0.0151899 7.78875e-412 3.34668e-421 0 1.77849e-455 0 1.70738e-432 1.8617e-317 1.08492e-880 8.58556e-422 0 1.6654e-421 6.49353e-878 5.87854e-403 5.09918e-607 2.20581e-454 5.41883e-555 2.5133e-414 0.0251524 4.425e-406 2.64018e-444 1.28358e-265 8.88348e-398 2.88981e-415 1.28103e-254 9.31139e-153 5.22e-65 1.05427e-12 0.0325437 0.000170435 0.0438679 1.42378e-1034 1.32805e-708 1.29795e-704 2.46063e-973 4.86623e-598 1.56176e-716 1.77376e-41 1.87805e-537 6.67357e-45 2.49868e-28 5.80075e-34 0.0362941 8.41014e-29 2.22795e-18 0.136599 0.0530198 0.0426998 6.50081e-61 9.27274e-38 3.67628e-61 1.45558e-69 9.30055e-376 1.20445e-539 2.79647e-456 1.2869e-442 0 0 0 0 0 0 0 0 0 0 0 0 0 0 0 0 0 0 0 3.8411e-424 4.21283e-440 2.31754e-475 8.68443e-421 1.06399e-396 1.72189e-332 8.04941e-190 4.86182e-105 1.28041e-60 1.28493e-105 5.81578e-46 0.000103003 0.0421626 0.0503574 0.00128753 2.33402e-36 2.6154e-35 1.2536e-41 2.64617e-38 1.50525e-29 2.24737e-75 1.05389e-50 2.80109e-639 2.8889e-685 2.11647e-847 5.83631e-983 3.32104e-933 4.19358e-1429 1.99515e-1429 2.34385e-1462 7.70535e-2781 4.41842e-1130 5.18332e-1734 5.75438e-901 1.0559e-1156 9.1774e-1084 2.93975e-954 1.5237e-1162 8.63778e-867 1.40471e-1372 4.01065e-1430 1.48729e-811 5.18369e-1426 5.26342e-1241 2.09157e-1005 3.56764e-1198 7.68693e-1063 1.43486e-1143 1.20417e-996 5.23756e-1069 2.25542e-758 5.5891e-1181 8.93183e-890 7.63305e-651 4.63938e-689 1.57348e-74 3.35595e-39 9.85638e-41 6.37962e-36 5.00714e-31 1.47162e-28 1.31189e-40 2.69279e-41 0.00527567 0.0381666 0.0250778 0.0113924 0.0137544 0.0498342 1.07636e-44 8.85286e-103 1.38584e-15 2.7232e-146 1.33868e-61 1.19427e-310 2.19799e-131 2.43387e-295 3.8883e-167 1.13963e-437 1.92307e-384 0 2.63156e-243 1.5529e-322 9.08232e-100 2.00277e-396 1.45048e-196 8.56192e-447 6.1115e-465 1.07309e-382 3.61689e-240 1.87497e-29 1.14215e-392 9.01693e-390 7.06046e-305 7.52079e-111 8.03656e-66 1.14304e-60 1.61259e-62 8.9084e-65 1.51232e-45 3.35513e-21 0.00278305 0.00331168 0.000790192 1.28137e-18 5.26378e-1383 6.21152e-1745 0 0 0 6.63296e-2817 1.09504e-1760 0 5.26586e-896 5.07919e-1306 0 
1.03603e-1120 7.32244e-3571 2.05298e-493 4.79532e-402 3.17968e-992 5.6554e-366 4.99273e-316 7.59721e-263 2.21601e-432 5.94185e-211 1.13484e-434 1.91769e-430 3.27673e-309 1.01333e-194 5.55616e-3811 1.16987e-4027 9.64282e-2934 9.99997e-5608 2.05196e-3807 4.35851e-6292 3.4975e-6428 5.37294e-3401 1.27165e-3444 1.99094e-6284 4.24216e-485 4.86278e-1254 9.20885e-288 1.13373e-903 1.16677e-849 1.7262e-195 2.60665e-49 7.92611e-439 1.16969e-173 2.05014e-253 4.84192e-463 1.46153e-328 1.29371e-468 5.24092e-299 7.0176e-45 2.69825e-40 1.27261e-59 3.53374e-17 3.10425e-75 1.24694e-332 1.60467e-170 1.8881e-434 4.78131e-173 2.00459e-430 7.24567e-310 2.43762e-720 5.3216e-530 3.73829e-133 0 4.34498e-289 2.67599e-547 1.36075e-4636 6.17975e-6003 3.59206e-3635 2.20098e-6244 5.06131e-334 1.00459e-41 1.0079e-43 2.65527e-18 7.41756e-05 0.0107188 2.47563e-15 0.146612 1.22912e-05 0 0.0154383 0 0.133525 0.107901 2.91697e-107 0.00782339 0 0.000522006 2.28366e-107 0.00755902 4.47991e-31 0.00785396 5.74039e-39 0.0146336 0.0179897 0.0384019 0.000609108 0.0882163 0.0155316 0.000496331 4.96933e-43 4.01999e-38 6.54088e-370 8.52945e-244 1.79015e-50 1.59042e-508 2.51668e-52 6.51437e-6532 2.44095e-2533 2.73405e-3651 2.16792e-6003 7.06579e-3596 1.03231e-3590 1.2923e-1048 3.06472e-3499 3.41378e-509 8.658e-779 2.06623e-394 1.58469e-469 4.07145e-648 2.369e-95 8.26255e-359 1.46999e-184 9.75548e-427 4.66579e-341 9.15728e-215 9.10068e-289 2.37658e-156 4.59303e-05 0.00750246 1.08268e-05 2.23708e-19 0 0 0 0 0 0 0 0 0 0 0 0 0 0 0 0 0 0 0 7.23616e-05 5.97816e-25 0.0075567 0.0229349 0.00808047 0.0226305 0.00818736 7.80299e-48 1.59764e-323 2.69906e-56 8.9777e-305 8.08267e-107 5.51366e-186 3.60968e-430 4.3467e-129 1.07044e-879 4.76972e-303 1.38343e-1054 2.60742e-283 1.11594e-694 4.43477e-1337 2.1223e-644 3.11969e-3722 6.33219e-3448 3.65178e-3731 1.08977e-2846 1.03432e-2170 1.04531e-3023 7.79911e-3404 1.95043e-3253 1.36863e-5277 3.97375e-2800 2.10426e-2611 2.75382e-1245 2.483e-2169 6.33837e-2044 9.6969e-2142 5.87082e-2506 2.06817e-1704 2.56007e-3347 1.59401e-3516 3.30148e-2045 1.31084e-3447 1.26524e-2164 6.32835e-1325 6.63207e-2172 1.68142e-2082 5.8905e-2171 8.17686e-1896 1.46243e-1743 1.56865e-2422 1.06779e-2713 2.99411e-1544 4.96616e-3683 4.47919e-3453 2.74617e-553 5.98607e-1022 1.74422e-1137 5.92158e-884 1.32139e-416 1.79854e-383 1.09964e-878 4.31948e-826 5.58686e-404 2.9703e-53 1.65141e-436 1.50069e-433 9.14544e-151 1.92612e-198 9.25801e-402 1.43286e-57 4.37856e-93 3.47589e-44 2.39649e-265 1.09113e-43 9.5297e-49 5.73981e-34 8.88935e-36 0.0425155 3.03549e-08 0 4.53081e-18 6.83179e-23 9.7661e-50 0.0640624 8.91531e-31 5.5681e-30 0.00544545 5.1167e-22 0.0980422 0.0740419 0.0249525 4.37875e-34 1.04176e-22 5.56158e-33 8.87733e-101 3.29922e-373 2.1648e-242 5.54928e-14 4.62408e-389 5.24485e-58 3.73115e-435 2.46395e-129 3.49296e-492 1.26957e-640 4.6834e-2293 2.64156e-2656 0 0 0 8.87618e-5313 1.36439e-2637 0 2.34616e-1243 8.93958e-2304 0 
6.62723e-2867 3.40244e-3249 7.75375e-1783 2.31877e-2821 1.39368e-3740 3.93223e-1827 1.94915e-2997 1.82183e-2074 1.44806e-3601 2.30226e-5092 3.58586e-4150 3.39033e-4951 4.53726e-3641 1.26691e-4090 1.44101e-938 5.13456e-765 5.22877e-601 7.91639e-1998 4.92546e-598 3.55402e-2701 4.6602e-2657 4.32126e-1768 9.01622e-3401 1.40612e-2864 3.51694e-2930 6.08518e-1658 6.29281e-3134 1.5289e-3704 1.63314e-1136 7.82558e-2886 3.13997e-3171 2.03708e-4461 1.66281e-3375 4.96035e-4417 1.12522e-5092 1.10903e-4006 1.83624e-4634 2.43328e-4607 1.78747e-1431 4.02597e-1163 9.4212e-3469 1.04082e-812 7.35828e-3407 1.72944e-4174 8.10373e-3412 2.44217e-4515 5.03522e-3367 3.49379e-2623 2.87056e-605 3.66385e-4750 4.61567e-1647 5.57765e-3095 0 1.05071e-3160 1.05708e-2888 1.70124e-3443 2.48254e-2222 5.31708e-3252 1.36548e-2639 4.11824e-2176 1.68508e-3234 5.18207e-747 1.6888e-4587 3.50702e-7352 1.38084e-7174 6.0052e-6139 1.2742e-4726 6.56834e-4796 0 1.70481e-4843 0 7.73464e-4724 5.49376e-4263 8.19193e-11624 4.65247e-4811 0 1.43411e-4783 6.41733e-11004 4.49863e-4641 6.51042e-8409 7.69246e-4813 1.23342e-7380 1.80922e-4806 6.90284e-5778 4.44095e-7401 3.6936e-4541 4.1581e-4622 3.20188e-5642 2.69841e-4179 3.98324e-331 2.48231e-2861 9.57341e-4987 4.69853e-4200 1.76562e-3329 1.93899e-2385 2.09075e-2919 4.08111e-3346 8.99579e-723 4.877e-705 1.52993e-2159 1.64375e-3196 1.74957e-1542 4.2159e-3828 3.26916e-3261 7.10284e-2892 1.02022e-3612 5.75135e-2322 2.87917e-3662 1.26032e-328 1.49119e-1972 5.66009e-3023 7.0867e-4893 1.89315e-4777 1.09909e-4339 2.00201e-5219 1.44219e-4508 4.41462e-4406 1.08087e-4466 1.60924e-4864 1.52895e-4798 7.05144e-4862 0 0 0 0 0 0 0 0 0 0 0 0 0 0 0 0 0 0 0 1.24913e-4803 1.84396e-4672 8.66563e-4832 1.03945e-4923 2.33263e-7604 3.46034e-4557 2.50343e-4122 1.24206e-2772 8.76919e-4173 2.79404e-3042 8.53834e-4474 7.00716e-3354 2.21253e-3343 1.61234e-3528 5.1746e-3026 5.96906e-3611 4.48503e-457 3.77597e-3328 2.90514e-3168 2.10035e-2298 3.89106e-3311 4.65705e-2899 4.82316e-3219 1.78389e-3338 2.01983e-1125 8.96773e-502 5.62149e-370 6.28418e-287 9.98592e-288 3.24305e-534 0.00409088 2.57736e-295 0.00409088 0.081715 7.82921e-295 1.77702e-286 2.56409e-296 1.99636e-299 1.53012e-424 7.17672e-295 2.36539e-297 6.33818e-367 7.0694e-299 1.34061e-46 3.23471e-287 7.88444e-334 8.58588e-299 9.32845e-295 3.87906e-08 1.34926e-314 1.98101e-28 2.46669e-879 1.37037e-296 1.7195e-1929 3.98944e-3300 3.07486e-2957 3.94306e-2930 2.3836e-3560 6.49305e-2853 1.24665e-3047 4.69158e-3087 1.65163e-1899 6.86836e-927 2.20349e-4260 1.16045e-3263 9.91383e-5007 5.28049e-4924 9.85469e-3336 1.24999e-3307 1.08832e-4376 2.68147e-2546 5.37957e-3640 8.48022e-333 8.64742e-4611 1.16646e-3854 2.61496e-1718 1.39944e-4562 1.8599e-3908 3.05317e-5910 2.64671e-4754 0 1.52583e-4228 3.58456e-4587 4.97043e-2274 1.261e-4357 7.56122e-2670 1.16404e-4605 2.43203e-6428 1.6576e-4414 1.17956e-4681 6.40363e-4426 4.74516e-4630 1.84086e-5577 3.12001e-5044 9.16824e-3583 6.88643e-4265 4.56101e-4764 3.82237e-4373 2.01044e-4134 9.46067e-4191 2.98367e-3565 3.14946e-5379 4.49277e-3268 2.86166e-4661 1.75025e-3424 0.051136 0.132954 0 0 0 0.0102272 0.00818176 0 0.00806442 0.69954 0 
2.05316e-2162 4.93658e-3991 5.58107e-1264 3.1751e-1171 9.37789e-2005 3.29558e-1139 5.12371e-1088 1.63512e-1041 5.52248e-1087 3.86829e-986 2.02837e-878 1.26658e-805 4.45902e-286 3.24919e-801 3.272e-4219 5.84509e-6038 1.07427e-6270 1.28597e-7639 4.20954e-6048 1.49541e-7675 1.26238e-7702 3.16891e-4182 2.01668e-4948 1.76086e-7650 3.04012e-1260 5.96478e-2288 1.07029e-1061 4.62253e-1933 6.61458e-1825 3.59738e-943 3.74784e-783 5.12876e-1362 1.31272e-869 3.36325e-787 5.05754e-851 6.45836e-713 3.26568e-534 3.62236e-829 5.40842e-645 3.88796e-260 4.52708e-536 1.2298e-444 1.03419e-806 5.20939e-476 3.23721e-878 3.01623e-1161 1.21687e-947 3.38759e-1212 5.41336e-1086 4.13096e-1658 5.47841e-1304 4.49797e-905 0 6.11155e-1063 2.25947e-1318 7.8924e-5380 1.47127e-7750 1.49201e-4003 2.32782e-7788 1.32842e-1122 2.0981e-460 3.09321e-506 4.50688e-129 5.60199e-883 5.63441e-226 1.7964e-223 1.41666e-97 0.00395889 0 4.52478e-13 0 2.05691e-24 4.07296e-129 0.0072672 0.0290749 0 4.01811e-80 0.0181683 5.34711e-108 0.0036336 2.93316e-09 0.86117 0.00402555 1.67944e-109 7.10695e-109 9.98805e-145 9.98419e-110 1.27503e-153 9.3929e-158 2.44206e-604 2.89768e-605 2.21894e-919 8.02736e-422 3.04324e-543 4.33248e-1248 6.30775e-819 6.721e-7731 5.96463e-3926 2.31629e-4065 8.27994e-7537 3.13893e-3993 1.34891e-4113 2.3592e-2026 3.31896e-4893 2.39574e-1285 9.38674e-1761 1.53807e-1169 1.0413e-1344 1.61732e-1616 7.10037e-819 1.56534e-1141 9.70191e-959 6.33386e-777 5.15463e-539 1.08775e-421 1.66823e-755 9.87019e-767 3.3299e-182 2.71871e-05 2.79693e-103 0.0726737 0 0 0 0 0 0 0 0 0 0 0 0 0 0 0 0 0 0 0 1.48641e-81 1.00505e-100 1.14843e-06 9.4684e-114 4.58792e-109 1.01805e-108 1.69061e-81 9.6264e-618 1.68285e-803 3.76656e-441 9.27137e-815 1.23457e-349 6.91486e-964 3.54066e-1194 6.08148e-903 1.22962e-1787 2.52204e-1081 6.94777e-2097 2.3325e-1055 1.62621e-1732 5.736e-2370 5.71266e-1420 1.19777e-4053 6.5338e-4861 4.1426e-4297 1.39715e-5975 2.36828e-5388 1.08872e-5627 1.00063e-5575 6.47862e-6350 2.86418e-10400 1.77849e-4709 5.50922e-6634 2.39779e-3562 8.74728e-5175 3.01038e-4373 4.8466e-4093 5.82235e-4442 1.78639e-4098 9.17713e-4846 3.21584e-5661 4.45903e-4113 3.11519e-5198 2.22677e-5930 9.5172e-3648 1.77225e-4692 2.12081e-5411 1.77975e-4360 3.90779e-4470 1.20568e-5197 4.33713e-5381 4.76167e-5465 4.9519e-3849 2.7376e-4067 5.70599e-4956 1.58457e-1325 1.17143e-2054 7.51623e-2174 4.8579e-1923 7.91238e-1190 6.04055e-1156 4.64006e-1924 1.25204e-1803 6.46594e-1183 2.68655e-696 6.01858e-1155 7.99038e-1344 5.49752e-870 5.69975e-910 8.97252e-415 1.6711e-418 2.65218e-355 4.28795e-708 4.24332e-847 4.12273e-708 7.86567e-649 7.28665e-209 1.02716e-543 3.20486e-114 5.50915e-152 0 1.95593e-126 1.62994e-169 7.71482e-643 2.10127e-91 2.4418e-399 1.14146e-302 1.011e-166 5.98494e-162 2.79142e-100 1.20838e-107 7.6957e-110 3.31807e-209 4.46464e-306 7.18763e-496 1.92191e-574 5.43219e-834 2.25425e-450 2.61315e-602 6.19988e-542 3.61168e-682 7.78006e-1018 8.36661e-794 2.29403e-1385 6.33509e-1617 3.27551e-5621 3.28088e-6730 0 0 0 1.20218e-11235 8.06673e-6701 0 1.43262e-3564 8.26761e-5529 0 
1.75971e-249 3.2805e-575 3.60796e-311 5.08119e-260 3.35902e-327 3.36164e-202 1.07411e-322 2.37156e-325 3.57853e-369 9.88156e-486 7.36515e-624 1.27118e-627 1.10764e-368 1.55437e-445 2.88528e-50 3.36365e-37 9.01974e-33 1.09931e-228 3.05848e-31 8.4787e-441 1.90464e-401 5.85596e-390 1.91654e-670 8.85698e-541 8.23918e-206 1.45651e-260 1.35278e-319 1.07286e-321 2.51473e-206 1.27309e-326 3.31398e-353 2.53347e-514 3.51736e-457 1.56394e-380 5.23486e-637 9.57382e-583 3.83504e-535 4.29655e-409 1.74667e-188 1.0343e-46 1.34008e-379 3.58368e-384 9.56624e-387 5.60319e-377 5.64403e-456 2.07656e-528 5.22228e-316 6.2807e-317 6.55915e-19 1.8083e-335 1.53465e-251 5.19763e-321 0 1.49856e-327 5.20328e-311 5.34383e-785 5.50667e-329 2.21626e-739 1.13844e-378 2.48948e-353 1.43747e-384 2.0876e-16 6.30468e-385 7.24233e-700 2.95329e-505 1.83827e-700 1.11972e-660 4.12165e-765 0 6.29085e-808 0 3.49361e-687 1.39501e-365 3.50431e-2619 1.58073e-783 0 3.68162e-754 6.16791e-2263 4.12117e-481 2.00756e-2032 2.05862e-780 7.14896e-1649 3.42707e-778 5.64395e-604 1.17062e-847 1.94469e-386 1.06798e-385 8.87773e-397 6.86141e-363 0.00675399 3.38934e-389 3.0757e-397 1.5499e-423 4.03022e-353 1.20763e-302 1.68069e-290 3.7158e-693 7.54171e-76 5.09414e-35 2.13786e-263 7.8856e-659 5.5555e-163 5.03067e-329 6.9747e-469 4.27414e-263 8.29721e-322 9.46097e-324 5.13428e-328 0.133291 5.56289e-86 2.32572e-380 2.60164e-469 5.27978e-612 1.05177e-574 2.73252e-619 3.18254e-407 4.66631e-393 2.66915e-361 2.46662e-821 1.83173e-765 7.73797e-839 0 0 0 0 0 0 0 0 0 0 0 0 0 0 0 0 0 0 0 1.14079e-774 4.59135e-637 3.29921e-796 6.4518e-430 5.65246e-834 6.40632e-386 2.44152e-373 5.27477e-377 2.99895e-422 1.8257e-380 7.54844e-487 1.40391e-408 2.20286e-469 1.05673e-373 2.16759e-320 1.73071e-325 2.71349e-37 1.07949e-328 1.91593e-323 3.21795e-317 1.87509e-343 1.03897e-254 1.74288e-652 1.22858e-578 9.90429e-62 1.47213e-12 3.11561e-25 0.0218943 0.0223017 2.024e-40 8.11993e-320 0.0241301 2.39329e-31 0.00122231 0.0336732 0.0118689 0.0247433 0.108831 4.06667e-27 0.041471 0.0159566 8.47977e-24 0.0283321 0.0766784 0.0911683 0.000654891 0.0394149 0.0581782 0.0717137 2.23037e-22 0.0754794 1.28969e-144 6.37982e-19 1.10052e-126 2.91896e-543 4.79889e-344 2.01163e-221 4.52021e-328 1.94981e-326 7.26267e-303 1.15419e-306 1.07483e-324 1.03062e-08 1.10094e-342 1.0564e-357 9.47892e-636 2.5571e-604 6.87661e-440 1.38296e-479 1.14871e-375 4.97434e-376 5.114e-409 0.0597456 7.52616e-404 3.97811e-390 4.66609e-185 5.93987e-389 3.86076e-385 1.02984e-446 2.91101e-392 0 2.17093e-383 4.53324e-385 4.45432e-371 1.49649e-436 7.05014e-391 1.05555e-388 1.00281e-504 1.18927e-389 5.91215e-524 3.70291e-473 2.45421e-385 2.30595e-384 1.84663e-388 2.08475e-380 1.36394e-393 4.47997e-412 1.23978e-402 1.44632e-350 4.25362e-375 1.15949e-363 2.3922e-629 8.39182e-428 2.00275e-422 3.45154e-323 1.0295e-49 3.74455e-52 0 0 0 7.32884e-321 3.42292e-20 0 0.0524969 5.27977e-43 0 

