(-304.898, 132.878, 3009, -0.162363, 0.476526, -281.833, 63.1667, -4.3924, 35.9536, -6.75747, 21.2401, 6.16432, -24.8741, -1.93874, 5.23644, -2.2742, 10.6644, 2.70096, -11.6335, -0.125699, 1.35468, -1.65739, 7.73635, 1.87728, -7.53901, -0.056616, -0.283277)
(-466.583, 205.402, 2647.15, 0.0288887, -0.0783369, -460.974, 213.564, 7.05886, 1.13242, -2.87189, 0.236879, 1.36484, 0.26908, -0.973, -0.191807, 0.369576, 0.257318, -0.128732, -0.0824074, -0.208861, -0.0349039, 0.382843, 0.00111128, -0.355392, -0.0610892, 0.615226, 0.108447)
(-403.258, 364.223, 2865, -0.0521598, 0.397794, -394.657, 302.657, -14.1277, 2.02782, -1.64666, 16.6106, 3.9393, -16.0613, -0.841079, 6.22782, -2.23872, 3.07463, 2.92334, -6.34141, -0.693118, 3.33205, -1.70735, 1.08592, 2.45712, -2.76514, -1.07661, 0.141164)
(-279.591, 323.104, 3009, 0.0594679, 0.00156495, -295.111, 318.889, 17.7455, 11.806, 9.76869, 8.12878, -11.0168, -7.4952, 3.21913, 2.36187, 4.92043, 3.69049, -5.21786, -3.80822, 1.0127, 0.53029, 3.42401, 2.52794, -3.44058, -2.40849, -0.184747, -0.259952)
(-223.84, 548.535, 2829, 0.113054, -0.267706, -232.179, 558.179, -9.12982, 25.0839, 4.48136, 7.02874, 8.93365, -0.481562, 7.67066, -3.16096, 3.74858, -3.1742, -1.19919, -1.96479, -5.12864, -0.988344, -5.73159, -0.364832, -3.94881, -0.79547, -1.31069, -1.15696)
(-85.6056, 608.311, 2454.6, -0.0996654, -0.144007, -77.7, 618.2, 1.09872, 0.120586, 0.154813, 0.176321, -0.129733, 0.181445, -0.0711345, 0.24734, -0.152317, 0.268551, -0.133712, 0.0374118, 0.158226, -0.0175517, -0.0111396, 0.0684192, 0.107962, -0.0401402, -0.146827, -0.17056)
(-125.184, 498.155, 2635.67, 0.165699, -0.0990355, -144.259, 505.444, 0.606622, -0.0669269, 16.298, 0.0212798, 1.60977, -0.125973, -8.48208, -0.237708, -1.22946, 0.0620662, 5.57557, 0.0724313, 1.4753, -0.209629, -3.91587, -0.0449759, -1.57416, -0.0451229, 3.01711, -0.0333118)
(-0.958183, 527.133, 2710.33, -0.0733341, -0.211571, 15.7037, 519.741, -19.4305, 60.8791, -6.78997, 20.0853, 2.70145, 1.961, -3.33475, 8.08839, -2.9765, 6.87657, 2.62694, -3.33817, -0.911976, 1.60878, -1.12564, 1.98549, 2.15669, -5.90212, -0.320058, -0.099259)
(124.509, 402.815, 2729, 0.325658, 0.879266, 84.5556, 267.389, 8.18807, 67.1457, 18.0557, 24.1309, -2.6165, -32.3629, -4.56173, 17.1904, -3.64453, -3.6136, 4.87046, -8.80516, 3.51616, 15.476, -7.16069, -9.72839, -0.263836, -4.77744, 5.14005, 12.3448)
(207.253, 512.378, 2580.6, 0.106106, -0.00387074, 196.575, 495.75, -10.3341, -2.34367, 4.24358, 2.23071, -2.93155, -2.41075, 1.22737, 2.44345, -0.762154, -2.42537, 0.0264964, 2.51795, 0.0802375, -2.00794, -0.020518, 1.78098, -0.217171, -1.38952, -0.0390088, 1.11598)
(317.28, 421.165, 2757, 0.252968, -0.0430883, 289.357, 423.071, -4.42444, -2.5778, -12.1074, -4.97082, 3.78432, 2.08856, 5.22898, 2.07094, -4.26025, -1.7126, -2.00211, -0.868324, 3.71463, 1.49827, 0.796487, 0.0668262, -2.99672, -1.17444, 0.480919, 0.234819)
(312.57, 212.963, 3009, -0.483568, 0.439607, 408.455, 120.273, 1.78685, -3.09771, -7.09448, 6.88255, 9.40737, -9.51537, -10.7785, 11.0278, 9.81586, -10.9974, -8.04352, 8.58553, 5.27863, -5.54958, -2.06427, 2.46625, -1.0675, 0.716724, 3.41538, -3.53405)
(438.881, 299.533, 2710.33, 0.0169332, -0.304017, 438.926, 311.815, -8.97798, 32.717, -1.5293, 9.07798, 0.386824, -0.188052, 1.1982, -5.33398, 1.65335, -7.16246, 1.76049, -6.40318, 1.41144, -4.81875, 0.567513, -2.1928, 0.0276344, 0.124265, -0.56274, 2.15171)
(490.449, 79.5067, 2841, 0.0186561, -0.0143109, 477, 66.5667, 14.7902, -18.1807, 17.0341, 3.36057, 5.13309, -4.72272, -1.89307, -10.1305, 2.60004, -4.04426, 5.75838, 1.1264, 2.78572, -1.76769, -0.877054, -4.96468, 0.940444, -2.55605, 3.31614, 0.60576)
(-671.105, 79.4189, 2466.23, 0.138826, -0.0534816, -680.981, 85.0962, 0.377211, 0.147981, 0.285961, -0.225688, 0.169763, 0.425892, -0.0489058, -0.0246163, -0.141706, 0.193931, -0.0203847, -0.135212, 0.0532417, 0.00172371, -0.0369035, 0.0249985, 0.0533699, -0.0385629, -0.0510036, -0.048261)
(-696.123, 229.467, 2568, 0.0635613, -0.000966125, -694.797, 222.734, -4.65286, 7.50006, 1.70981, -2.58671, -0.477573, 1.11675, -0.245899, 0.161051, 0.582682, -0.538715, -0.755051, 0.993798, 0.925481, -1.26381, -0.816201, 0.961652, 0.494854, -0.833261, -0.373523, 0.545841)
(-711.064, 374.967, 2521.8, 0.0887757, -0.0669364, -716.617, 380.85, 0.0608144, -1.65078, -0.153762, -0.0848966, -0.0371731, 0.259351, 0.105711, -0.0718981, 0.0943978, -0.0459742, -0.018304, 0.0104733, -0.0482894, -0.0367471, 0.0695326, -0.0105277, 0.0458961, 0.0956558, -0.0866153, -0.066385)
(-590.735, 332.74, 2573.73, 0.0963281, -0.0186953, -596.614, 335.227, -0.198049, -0.43243, 0.132966, 0.211479, -0.0632109, -0.252069, 0.00609993, 0.050825, 0.0764278, 0.0399274, 0.0307229, 0.0693208, -0.0533658, -0.10851, 0.00599098, 0.18644, -0.0513517, -0.0912317, -0.140878, -0.0384731)
(-709.326, 551.63, 2477.51, 0.0647306, -0.0243859, -713.055, 554.164, -0.0822612, 0.763065, -0.25911, -0.0112073, -0.0435543, -0.233439, -0.18829, 0.107161, 0.0191256, -0.0422195, 0.00722819, -0.00582839, -0.0298712, 0.0384908, -0.013254, 0.069991, 0.111869, -0.0975026, 0.0230682, 0.0471538)
(-541.065, 420.72, 2561, 0.0661966, -0.00695624, -544.25, 421.972, 0.323724, -1.39561, -0.307156, -0.504007, -0.210523, -0.310767, -0.0628161, 0.00967545, -0.128599, 0.257045, 0.268911, -0.00202569, 0.199232, 0.103473, 0.0340307, -0.0754181, 0.274538, 0.0822199, 0.0365272, 0.0343828)
(-561.596, 540.187, 2565.48, 0.124755, -0.0894816, -574.88, 547.12, 5.49209, 1.25187, -1.30498, -3.59866, -0.32295, 0.68578, 0.845118, 1.75169, -0.844734, -1.08362, 1.31589, -0.383326, -0.681535, 0.0440672, 0.0687553, 0.649856, 0.393545, -0.171314, -0.465617, -0.573024)
(-453.93, 577.26, 2700.43, 0.118555, -0.0451401, -465.163, 581.041, -3.80039, -0.897958, 9.05215, 4.7909, 3.15777, 1.65228, -4.06293, -2.16022, -2.86613, -1.46173, 1.74195, 1.00589, 2.68111, 1.26358, -0.554937, -0.537911, -2.07082, -1.09806, -0.0364195, -0.129739)
(-426.979, 696.84, 2552.55, 0.0507894, -0.0693313, -430.83, 702.642, 0.115874, 1.79009, 0.446168, -0.322347, -0.0688732, 0.0619576, -0.0485787, -0.0346285, 0.130736, 0.0301695, -0.191249, 0.0243259, 0.0170586, -0.0702492, -0.0189049, -0.0996401, 0.052331, -0.105115, -0.0435402, -0.0101456)
(-512.526, 847.261, 2307, 0.0554016, -0.133202, -516.536, 856.089, -4.46256, -5.17124, -0.726944, -0.725179, 0.567042, 0.249474, 1.2317, 1.18946, 0.883846, 1.28354, 0.593542, 0.835459, 0.187136, 0.366658, -0.16649, -0.243911, -0.475307, -0.507928, -0.469385, -0.614349)
(-301.964, 715.086, 2721, -0.00129246, -0.078271, -301.592, 720.143, -0.474431, 0.189915, 0.180409, 0.226985, 0.0763124, -0.257451, -0.0781141, -0.120652, 0.3151, -0.146497, 0.0932998, -0.130776, 0.0149843, -0.0838667, 0.0959666, 0.119559, 0.0304819, 0.0181994, -0.0177198, 0.0150563)
(-327.009, 850.274, 2404.2, 0.0160424, -0.109899, -320.8, 859.62, -9.02219, -2.0966, 2.70015, 0.698582, -0.435916, -0.042042, -0.5126, -0.150367, 1.35666, 0.190964, -1.31051, -0.2015, 1.41009, 0.282786, -1.01146, -0.289609, 0.573956, 0.0822122, -0.134333, -0.0523988)
(-132.414, 843.102, 2442, 0.109411, -0.0907346, -141.938, 849.094, -0.0857266, 1.14077, -0.126595, -0.0714662, -0.180891, -0.142424, -0.00449897, -0.0592907, -0.000108976, -0.0362641, 0.0377148, 0.0491284, 0.0508117, -0.0999832, -0.133177, -0.0799676, -0.19459, -0.016106, 0.00958018, 0.0551757)
(-177.556, 726.673, 2673, 0.0181993, -0.0631866, -181.491, 729.947, 3.8211, 0.923944, 0.828281, 0.638488, -1.63263, -0.370922, 0.707528, -0.356805, 0.723071, 0.0692308, -0.777164, -0.317797, 0.282615, -0.188064, 0.141197, 0.0991266, -0.612156, -0.152476, 0.133037, 0.0429128)
(-10.7266, 733.034, 2512.52, -0.0244582, -0.082466, -9.71642, 738.045, -0.289515, -0.0786958, -0.431893, 1.81735, 0.0666394, 0.374459, 0.254192, -0.635411, 0.289164, -0.252161, -0.0807931, 0.406978, 0.0308699, 0.158341, 0.0376395, -0.227252, 0.11303, -0.233011, -0.0729801, 0.264257)
(115.805, 757.263, 2488.2, -0.00724037, -0.134114, 115.933, 766.967, -0.415427, -0.00640125, 0.289222, -0.169842, -0.00760851, 0.174352, -0.0514942, -0.146294, 0.140395, -0.2003, -0.0404575, 0.076597, 0.0136796, -0.0418196, -0.0614154, 0.10672, -0.0362005, -0.0678691, -0.0358733, 0.0547232)
(160.327, 658.829, 2382.41, 0.0601015, -0.178296, 153.811, 671.162, -1.06831, 0.660504, 0.796695, 0.146734, -0.14004, 0.179562, -0.135485, 0.0440193, -0.0427297, 0.0245886, -0.0325681, 0.026876, -0.177419, 0.0997802, 0.114288, -0.0184665, 0.00890011, -0.0149713, -0.0332923, 0.164307)
(180.465, 860.65, 2351.61, 0.104131, -0.126302, 168.326, 868.739, -0.595805, 1.53074, 5.52781, -0.157197, 1.82502, -0.0265045, -2.12348, 0.324197, -1.81682, 0.122234, 0.858015, 0.125022, 1.61401, -0.123807, -0.14933, 0.064673, -1.18936, 0.0105593, -0.365796, 0.0402853)
(267.726, 751.121, 2813, 0.0197866, -0.066746, 266.139, 755.028, -0.581709, 0.971959, 0.0201916, -1.35483, 0.374754, -0.920555, -0.429069, 0.477533, -0.520778, 0.647977, 0.135681, 0.0720009, 0.126822, -0.658613, 0.110384, -0.0700995, -0.203813, 0.392768, -0.126918, 0.258259)
(287.746, 651.434, 2817, 0.0171621, -0.0357464, 286.762, 653.381, -0.277908, 1.23905, -0.0590295, -0.170167, -0.33653, -0.128683, 0.0986708, -0.192388, -0.167018, -0.335448, -0.25737, 0.127798, -0.345024, -0.00135579, -0.148601, -0.0366544, -0.0789986, -0.00559997, 0.116875, 0.0305031)
(414.369, 732.142, 2631, 0.0423316, -0.0771932, 409.094, 739.438, -0.523309, 1.11578, 0.0488517, -0.5356, -0.27419, -0.1015, 0.0215197, -0.236147, -0.0500608, -0.0853587, 0.0504535, -0.197671, 0.0484217, 0.161312, -0.102795, 0.0624433, -0.0710422, 0.101687, -0.0112, -0.0309012)
(395.809, 591.051, 2683.84, -0.0750239, -0.0354771, 402.29, 591.839, 0.241323, 0.891252, -0.298524, 0.569242, -0.0640394, 0.0423396, -0.378497, 0.189345, -0.248968, -0.101363, 0.122642, -0.088437, 0.117111, -0.0981697, -0.125442, 0.0849184, 0.0170335, -0.00517805, -0.0283791, 0.0112709)
(458.875, 495.661, 2589, -0.084199, -0.0183049, 466.139, 496.472, 0.706551, -0.139385, -0.525647, 0.147084, -0.114766, 0.0333336, 0.200013, 0.0682434, 0.113052, 0.011513, -0.0314287, -0.226289, 0.174874, -0.171596, -0.150931, -0.0267905, 0.011258, -0.0180821, -0.0529669, 0.0360191)
(521.745, 412.303, 2547, -0.157716, 0.0610849, 534.729, 405.583, 0.612971, -0.730335, 0.364245, 0.182744, 0.115252, -0.305549, -0.0352336, 0.36952, 0.0290738, -0.272619, 0.229226, 0.0479738, -0.0193842, 0.10335, -0.0319276, 0.0210606, 0.0643648, 0.0120193, -0.0864942, -0.0154337)
(625.6, 484.459, 2461.17, -0.0238412, -0.120943, 626.304, 494.587, -0.0127159, 0.915416, 0.176866, 0.597919, 0.351903, -0.03149, 0.0655188, 0.157488, 0.036113, 0.330523, -0.0457337, -0.287461, -0.173005, -0.00999071, -0.175516, 0.0100075, 0.0265022, 0.0159601, -0.059832, 0.0766102)
(653.696, 361.655, 2526.91, -0.121951, 0.0385055, 662.826, 358.109, -0.109323, -0.150937, 0.501804, -0.103731, -0.105883, -0.11805, -0.22921, 0.0934464, 0.172571, 0.0985318, -0.13348, 0.0170042, -0.00873555, -0.098475, 0.0980395, -0.0687035, -0.128417, -0.032926, 0.0559705, 0.00613388)
(569.495, 260.886, 2573.11, -0.277446, 0.0736163, 584.73, 257.595, 16.7736, -5.67262, 0.734913, -0.466033, -4.12811, 1.25077, -5.0699, 2.14789, -3.63624, 1.35692, -1.11232, 0.30582, 1.30454, -0.598957, 2.40591, -1.03715, 2.29262, -0.887054, 1.21631, -0.347126)
(683.988, 246.472, 2605.8, -0.146095, 0.0208859, 694.622, 244.711, 1.99152, 0.361879, -0.207075, 0.590332, -1.61199, -0.381117, -0.819031, 0.0554503, 0.258301, 0.0495764, 0.677664, -0.044165, 0.566945, 0.137819, -0.134338, -0.124321, -0.364108, 0.0812798, -0.404121, 0.0178651)
(599.962, 127.346, 2529, -0.239772, 0.00545828, 607.905, 130.405, 15.3517, -3.19879, 6.15645, -1.8744, 2.71513, -0.873151, -2.70471, 1.00694, -1.85409, 0.292854, -3.36363, 1.21152, -3.22062, 1.1821, -1.61276, 0.391737, -2.01002, 0.784681, -0.0898334, -0.00766936)
(418.771, -114.788, 2802.23, -0.572539, -0.0023615, 452.641, -108.692, 45.5303, -6.32322, 3.59539, -9.0909, -14.2334, -3.75086, -13.1601, 7.65679, -6.38109, 8.47434, -2.4489, -0.768059, 0.963935, -4.32708, 4.98128, 0.36198, 4.7339, 2.06558, 1.30693, -2.01627)
(275.787, -276.681, 3009, 0.141784, 0.0355243, 241.533, -274.133, 30.1179, -8.7407, 27.5916, -19.2659, 0.234197, -9.38041, -15.3678, 0.674835, -9.07991, -0.691864, 2.7517, -3.47814, 3.09015, 0.157239, -1.89963, 5.88149, -1.03949, 5.80333, 3.41213, 1.74678)
(175.201, -476.751, 2597.57, 0.100245, -0.254269, 164.694, -427.306, -0.544695, -30.4402, 3.81774, -4.74077, -1.94362, 7.56308, -0.6573, 0.00900026, 1.5165, -5.21094, -0.252958, 3.0869, -0.800756, 2.67566, 0.665093, -5.65181, 0.621906, 3.70984, -1.12228, -0.20393)
(98.0416, -373.184, 2968.68, -0.0385975, -0.386511, 114.56, -306.28, -9.56241, 78.5409, -10.0575, -28.4717, 11.9331, 5.50605, -4.82513, 6.69887, -2.23357, -10.1159, 3.76137, 7.30797, -0.245265, -1.35125, -3.11819, -3.42477, 3.45029, 3.96499, -0.603577, -1.07817)
(62.562, -179.266, 3009, 0.0535211, 0.122692, 23.7333, -171.067, 18.0299, -44.2403, -37.1214, -27.1915, 6.43728, 21.1296, -3.15377, 23.0904, -23.526, -1.77948, 0.998641, -5.01015, 16.7134, 1.92709, 1.33519, -5.03078, -1.88464, -9.04848, 6.46974, 1.0774)
(-31.1944, -469.342, 2807.4, 0.183821, -0.133796, -41.2857, -430.4, -16.0198, 14.6924, -7.97549, -9.68203, -6.47015, -12.024, -6.00674, 4.32839, -2.2594, -8.13041, -0.685325, 1.80561, 0.535773, 2.14213, 1.60761, -3.08702, 0.670828, 4.57139, 0.595214, -1.66705)
(-158.736, -513.168, 2856.27, -0.217352, 0.357613, -145.121, -532.394, 17.7623, -25.5005, -2.59839, -0.2289, -2.80343, 2.43254, 1.56852, -2.57701, 2.33973, -2.05845, -1.10369, 2.21365, -4.04828, 5.80422, -2.57186, 4.45595, 0.082514, 0.913654, 0.775438, -0.317328)
(-336.317, -520.742, 2617, 0.107992, -0.0833454, -349.37, -502.111, -3.39061, 11.3973, 0.0532825, -0.413707, 1.3804, -3.46983, -1.16743, 3.9157, 0.823929, -2.09319, 0.122943, -0.372338, -0.474823, 1.53337, 0.699695, -2.19748, -0.326037, 1.19492, -0.163264, 0.137189)
(-184.87, -381.664, 3009, -0.0225352, 0.0594679, -175.6, -395.233, -11.7518, 12.8496, -2.50018, -0.273454, -5.1789, 4.02019, 5.29979, -3.98647, 1.25433, -0.687243, -2.48163, 1.7606, -0.631513, 0.4124, 0.393437, 0.257703, 2.78841, -2.17753, -1.92241, 1.75764)
(-330.095, -285.438, 3009, -0.0219718, 0.285822, -331.64, -310.56, 12.6638, -30.5656, -0.368052, 1.94326, -4.15772, 11.1205, -3.69856, 7.21328, -2.35313, 6.09245, 0.763144, -1.20325, 1.84249, -3.63399, 1.97918, -3.60216, 1.5898, -4.23765, -0.503731, 1.12989)
(-173.517, -180.557, 3009, -0.146009, -0.475822, -152.3, -105.15, -19.1059, -0.572019, -1.87412, -4.56016, 8.69209, 3.2826, -6.75905, 0.281519, 1.04774, -3.47375, 2.91296, 3.64931, -3.90613, -1.35092, 2.10564, -2.00167, 0.87735, 3.5837, -2.45873, -2.94075)
(-423.923, -385.514, 2776.38, 0.0342674, 0.215396, -424.359, -405.282, -2.22372, -4.09961, -5.2855, 11.6865, 0.527356, 1.84499, 3.01994, -4.2093, -0.0490028, 1.01521, -1.88053, 3.38843, 0.0514976, -1.50417, 1.25559, -3.73888, -0.121513, 0.35348, -1.00556, 2.65006)
(-442.33, -123.573, 2971.67, 0.0813365, 0.0137626, -454.259, -135.111, -6.66217, -12.8341, 2.79265, 7.12475, -1.60954, -3.50185, 1.37182, 2.47304, -1.18217, -1.96114, 0.822853, 1.20176, -0.549237, -1.00715, 0.37152, 0.436781, -0.177619, -0.244585, -0.17364, -0.00147507)
(-586.235, -58.3946, 2695.4, 0.24113, -0.0161445, -596.578, -50.0667, -18.8459, -8.48817, -8.80028, -2.8807, -3.5509, -1.33809, -0.862078, -0.399171, 1.15782, 0.458371, 2.13623, 0.736179, 2.62943, 1.19938, 2.63308, 1.03294, 2.53481, 0.834111, 1.99968, 0.834397)
(-484.805, 49.0085, 2823.32, 0.225715, -0.123648, -495.289, 57.6579, 29.01, 2.15184, 4.58467, 2.88704, -5.48873, -0.554566, -8.47752, -3.05029, -6.24384, -1.93515, -2.7438, 2.35486, 0.559052, 3.59996, 1.80131, 0.86111, 1.8461, -2.1871, 1.76405, -2.46383)
(-567.729, 157.951, 2582.54, -0.171096, 0.304285, -531.808, 115.096, -20.2241, 17.5349, -3.64395, 14.2781, 6.17225, -2.78446, -3.4713, -5.07529, 1.77362, -1.74016, -0.506521, 6.065, -0.812995, -0.656635, 0.827756, -3.32526, 1.09211, -0.392225, -1.61866, 3.19195)
(98.3283, 568.309, 2519.4, 0.0945075, -0.120248, 89.3429, 576.171, 1.23852, 0.489318, 7.22924, 0.0493579, -0.19594, -0.100503, -3.56295, -0.157959, 0.271284, -0.0163601, 2.73119, 0.41144, -0.335694, -0.181201, -1.8491, -0.102573, 0.120175, -0.0408386, 1.42097, 0.151512)
(663.947, 809.664, 2466.23, -0.0877624, -0.0257563, 672.179, 811.154, 0.871548, 0.072979, -0.0124688, -0.0173203, -0.354211, -0.447239, -0.0365129, 0.23474, 0.0096351, -0.106174, 0.0299022, -0.0787083, -0.000268111, -0.238034, 0.0881284, 0.114184, -0.120602, 0.00581622, -0.00520848, -0.120668)
(638.824, 699.657, 2361, -0.141264, -0.0633922, 649.81, 702.19, 0.69843, 0.411689, -0.100913, 0.39485, -0.169148, 0.236482, 0.0321999, 0.271407, -0.0408333, -0.0566474, 0.0781144, 0.0510656, -0.0334221, 0.0108413, -0.0409064, 0.137434, 0.0340303, 0.00806015, 0.0973201, -0.0119137)
(738.541, 722.289, 2454.6, -0.0950529, -0.0109629, 746.175, 721.6, 1.24209, -0.112174, -0.136232, 0.410796, -0.00537686, -0.343658, -0.100527, 0.123347, -0.0427451, -0.180181, 0.085138, 0.0258342, 0.124983, 0.192482, 0.0818415, 0.214994, 0.038231, 0.0196724, -0.0408866, 0.0536016)
(831.727, 652.203, 2487.62, -0.110813, 0.0373865, 841.724, 649.138, 0.49833, 0.184768, -0.262423, 0.784116, -0.182759, 0.297001, 0.35472, -0.276871, -0.0693984, 0.121717, 0.00791484, 0.248757, -0.00215511, -0.205394, -0.158835, -0.0785311, -0.109367, 0.0299703, -0.092394, -0.0885314)
(830.743, 513.254, 2471.4, -0.165018, 0.0989745, 846.833, 492.533, -4.7092, 11.8265, 1.04687, -2.74735, 0.378504, -0.896673, -0.924814, 2.26575, 0.950994, -2.84736, -0.690222, 2.39336, 0.547765, -1.19863, -0.422354, 0.279704, -0.270328, 0.721874, 0.422339, -1.29564)
(907.362, 559.454, 2425.42, -0.0983629, -0.024849, 913.079, 560.579, 0.405383, -0.535309, 0.0598964, -0.065704, -0.0936955, -0.133586, -0.335624, -0.191407, 0.270362, -0.235171, -0.127262, -0.0474352, -0.0951124, 0.00495979, -0.0427295, 0.135904, 0.0126638, 0.0450347, -0.00121971, -0.106999)
(911.164, 459.524, 2416.06, -0.106089, -0.0173045, 918.618, 459.618, -0.822036, -0.352151, -0.194253, 0.745994, 0.147353, -0.185975, -0.201919, 0.293509, 0.0272451, 0.00639512, 0.177757, -0.216354, 0.0647375, 0.219289, 0.0484173, 0.0284115, 0.0605025, -0.175346, 0.00637868, 0.0166488)
(990.556, 412.389, 2488.74, -0.059541, -0.0864082, 992.968, 420.806, 0.400006, -0.00433604, 0.293906, -0.0380777, -0.0224713, -0.17146, 0.0776368, 0.0497937, -0.0649957, -0.164794, -0.11052, 0.201123, 0.0310294, -0.208031, 0.0488108, -0.220099, -0.141924, 0.122749, -0.0665372, 0.0917325)
(1053.58, 346.732, 3009, -0.0742889, -0.072908, 1056.06, 353.235, 7.69867, 4.29024, 1.66136, 0.669931, -2.27873, -0.277624, -2.71681, -1.0608, -2.6698, -0.690827, -1.47717, -0.250243, 0.234775, 0.135301, 1.21549, 0.367037, 1.2347, 0.375445, 1.01783, 0.205119)
(976.14, 313.988, 2726.76, -0.0984597, 0.153287, 984.24, 299.04, -3.10941, -5.01932, 3.71086, 7.16284, 1.66671, 3.99361, -1.54633, -1.61536, -1.87453, -3.62595, -0.0716702, -0.663223, 1.11718, 2.09732, 0.655159, 1.49323, -0.386542, -0.897787, -0.910598, -1.56797)
(1022.18, 233.979, 2913, 0.000428101, -0.135261, 1022.62, 246.762, -1.74567, 0.588366, 0.324351, 0.867567, -0.783949, 0.179864, 0.265247, 0.571786, 0.213988, 0.18641, -0.038852, 0.0963294, 0.00114618, 0.180833, 0.289264, -0.0181507, 0.0882921, -0.0453712, -0.076697, -0.00617893)
(964.514, 157.532, 2505, -0.101958, 0.215253, 972.1, 137.2, 0.902255, -0.833882, -0.535881, 0.844162, -0.166471, -0.314224, 0.192752, 0.00716711, -0.341303, -0.176156, 0.101577, 0.0191171, 0.027613, -0.121906, -0.0842301, 0.12311, -0.159451, -0.247658, 0.208167, 0.233795)
(840.572, 80.7771, 2492.71, -0.152754, 0.115329, 849.78, 76.122, 4.82883, -4.94572, 3.3036, -3.01914, 1.30878, -1.42298, 0.908272, -1.19349, 0.770614, -0.825353, 0.517063, -0.580545, 0.476775, -0.434379, 0.433225, -0.291339, 0.234485, -0.385893, 0.154356, -0.358547)
(1006.58, 79.4408, 2702.22, -0.0677168, -0.0208162, 1011.91, 82.5217, -0.110911, 0.580261, 0.128183, 0.426284, -0.776797, 0.6005, 0.374025, 0.0189264, -0.144265, 0.0462623, -0.0698734, -0.253222, -0.108546, 0.106546, -0.0629711, 0.0966319, -0.00230978, -0.140423, 0.118403, -0.00387938)
(993.965, 7.82395, 2244.87, -0.069103, -0.0053554, 999.177, 7.72581, 0.57783, -0.253156, -0.303663, 0.0239591, -0.0541995, 0.0339196, -0.0215771, 0.160668, -0.163391, 0.0041092, -0.125988, -0.0663533, -0.209989, -0.0122949, 0.104945, -0.00989744, -0.0929689, -0.00805966, -0.0323015, -0.0178532)
(1013.3, -70.3916, 2726.76, -0.00820298, -0.0203656, 1014.76, -68.2, -0.603488, 0.940652, -0.0721649, 0.360292, -0.236717, -0.306848, 0.247395, -0.0149368, -0.0363414, -0.055373, 0.130763, -0.328487, -0.221453, 0.104293, 0.208177, 0.0527665, 0.00310061, -0.115853, 0.0529668, -0.000669016)
(983.829, -137.687, 2505, -0.0689203, 0.0122903, 988.692, -140.269, -0.799186, -0.968203, 0.799198, -0.758561, 0.535604, 0.00936555, 0.0859276, 0.115238, 0.199498, -0.326987, -0.065289, 0.102734, 0.0923584, -0.179071, 0.132987, -0.0447699, -0.113639, -0.0107655, -0.0313701, -0.0140099)
(1004.33, -213.616, 2673, -0.0410282, 0.0167349, 1007.63, -213.667, -0.625437, -0.200496, 0.456495, 0.503541, -0.144868, -0.120739, -0.117393, -0.259348, 0.271628, 0.0921927, 0.205922, -0.142168, -0.190504, -0.0493661, -0.111289, -0.0643786, -0.0375799, -0.00629149, -0.0170398, 0.0292461)
(909.903, -240.509, 2284.5, -0.282352, -0.0890645, 930.969, -228.156, -4.0399, 5.06842, -7.72062, -5.21341, -0.711597, 1.56765, 5.56923, 1.17258, -0.967094, 0.419859, -2.90452, -1.43502, 0.0666957, 0.128481, 2.76685, 0.794781, -0.251526, -0.383317, -2.19684, -0.478845)
(1004.99, -300.618, 2653.24, -0.03371, 0.078875, 1006.59, -306.059, 0.121859, -0.519278, -0.489236, -0.231377, 0.281035, 0.0949005, 0.0617016, -0.138088, -0.198678, -0.00351297, 0.00371091, -0.139422, -0.116187, 0.069508, 0.149962, 0.0166693, -0.0508207, 0.0781036, 0.0954426, -0.0133485)
(979.9, -371.008, 2580.6, -0.0312781, 0.0846394, 982.075, -377.2, 0.148502, 0.704376, -0.218415, 0.595315, -0.379846, 0.118236, -0.0190465, 0.247824, -0.127751, -0.0458522, -0.14345, -0.332843, -0.199012, -0.235708, -0.0278219, 0.141726, -0.142256, -0.0856908, -0.044602, 0.0166959)
(1001.1, -447.141, 2379, -0.0221456, 0.103626, 1001.72, -453.95, 1.40623, 0.760982, -0.620198, -0.0384028, -0.308527, 0.242865, -0.279672, -0.138081, -0.114351, -0.353194, -0.0580695, 0.0536873, -0.299773, 0.0852356, 0.00967877, -0.0940702, -0.00637809, -0.00486485, -0.00632482, -0.103213)
(986.322, -540.778, 2239.74, -0.016913, 0.198847, 986, -556.368, -0.165986, -1.62856, 0.0958211, -0.155378, -0.42138, -0.0873615, -0.12811, -0.24659, 0.0490614, -0.161848, -0.129596, -0.22883, -0.0379648, 0.050928, -0.0101758, 0.186133, -0.0524469, -0.0122876, -0.0730442, -0.0477471)
(905.979, -472.534, 2586.29, -0.0714794, 0.0356737, 908.161, -470.871, -2.90319, 3.73752, 0.866461, -2.52188, -1.00145, 1.6454, 0.544338, -0.799113, -0.445938, 0.919518, 0.507262, -0.608141, -0.206124, 0.551614, 0.516616, -0.446771, -0.398738, 0.511675, 0.217651, -0.328369)
(893.756, -624.383, 2486.33, -0.104722, 0.0397415, 899.889, -627.778, 0.0392598, 1.03703, -0.607969, -0.256248, 0.31706, 0.0100967, -0.246123, 0.334633, -0.245732, 0.04114, -0.0672141, -0.117471, 0.144798, -0.166726, -0.0548239, -0.0146887, -0.0770777, 0.0626839, 0.0788795, -0.0646999)
(814.911, -685.974, 2397, -0.169025, 0.0159111, 827.357, -688, 0.897897, 0.418916, 0.217853, -0.468551, 0.0761488, 0.142238, -0.08629, 0.346929, -0.0506528, -0.0517705, -0.268307, -0.236259, -0.0596633, 0.100212, -0.0217924, 0.0242431, 0.0605409, 0.129928, -0.0925356, 0.199727)
(727.43, -729.96, 2479.8, -0.127188, 0.0275971, 736.45, -730.7, 0.182388, -0.893267, -0.0275605, -0.555695, 0.30828, 0.237132, 0.372207, 0.376683, 0.340699, 0.275498, -0.186193, -0.101614, -0.149202, 0.0654953, 0.104503, 0.117376, -0.0359453, 0.058283, 0.0302805, 0.0567996)
(809.975, -844.296, 2198.65, -0.116143, 0.0647464, 818.51, -848.275, 0.135402, -0.638598, 0.0906715, -0.106392, 0.259778, 0.35757, 0.162095, -0.0310742, -0.135043, 0.166552, 0.0553005, 0.165953, 0.0429541, 0.0559816, 0.0517022, 0.131021, 0.0561181, -0.0905925, -0.0693756, -0.0278505)
(826.98, -985.905, 2101.8, -0.0880169, 0.0405342, 832.95, -988.8, 1.05554, -0.521508, -0.371901, 0.0833011, 0.13991, 0.0943789, 0.143024, 0.0984203, 0.0373444, 0.11356, 0.020577, -0.0132194, -0.15425, 0.000961229, 0.055612, 0.035352, 0.00185447, 0.0059553, -0.0359815, -0.015394)
(632.169, -1192.06, 3009, 0.00328638, 0.00140845, 631.85, -1191.45, 1.40302, 2.42366, 1.08565, 0.526724, -0.0786687, -0.519749, 0.455253, -0.591217, -0.307848, 0.325601, 0.182331, -0.100403, -0.238104, 0.143605, 0.011742, -0.262129, -0.264717, 0.151686, -0.0391755, -0.058805)
(670.355, -985.623, 2141, -0.125287, 0.0120409, 679.931, -985.944, 0.751431, 0.0110698, -0.153992, -0.378909, 0.186915, 0.0850296, 0.0933561, 0.0891051, 0.109161, 0.0126442, 0.0863295, -0.0954857, 0.0592496, -0.0199702, -0.114902, 0.0174266, 0.105637, -0.00561716, 0.0466171, 0.0226176)
(528.283, -991.327, 2256.19, -0.122, 0.0288695, 536.722, -993.114, -0.687947, 0.40723, -0.110916, 0.0503394, 0.207874, -0.11182, 0.0156245, -0.233793, 0.132088, 0.00368208, -0.00764404, 0.0721343, 0.0801304, 0.0622435, 0.0450698, 0.0962455, 0.0522687, 0.0895411, -0.00845349, 0.147246)
(392.523, -994.993, 2460.53, -0.0964292, 0.0167433, 399.235, -995.368, 0.929902, 0.323001, -0.24787, 0.0838368, 0.0394135, 0.494436, -0.126405, 0.160852, 0.0400296, 0.0728038, 0.0538808, 0.150688, 0.0105879, 0.107035, -0.112513, -0.0158445, 0.0340466, 0.0676435, 0.0502737, 0.0124882)
(360.279, -1245.17, 3009, -0.0211268, -0.00847679, 362.694, -1245.39, -0.758364, 0.148695, -0.167711, 0.510125, 0.270911, 0.70725, 0.0195892, 0.198095, 0.0530014, 0.0338817, 0.0730745, -0.111761, 0.107465, 0.174232, -0.157924, -0.0697858, 0.0667464, 0.301442, -0.0260951, 0.127658)
(49.5149, -1251.98, 3009, -0.00554844, 0.00142268, 50.6061, -1251.91, 1.00182, 0.774059, -0.561955, 0.288581, -0.453231, 0.0815635, -0.19612, -0.503769, 0.131402, 0.187372, 0.084658, 0.178147, -0.0983616, -0.00360894, -0.0367424, 0.158032, 0.0149881, 0.110638, 0.14266, 0.0114201)
(85.3697, -990.595, 2431.5, 0.0167732, 0.0384858, 83.4167, -992.667, -0.0962136, 0.5278, -0.0011273, 0.295771, -0.200664, 0.0753548, -0.0253374, -0.328535, 0.0110538, 0.0392228, 0.0530967, -0.015281, 0.0817999, 0.158429, -0.0430981, 0.0498818, -0.0411599, -0.00820934, -0.0648196, -0.00351896)
(-511.275, -266.826, 2712.53, -0.173947, 0.161273, -470.941, -299.941, 31.1611, -22.6219, -5.32773, 6.51172, -2.79629, -1.52772, 2.90408, 0.481255, -0.853953, -0.818138, -1.89499, 1.43465, 3.45221, -1.66812, -2.47253, 0.983931, 0.257679, 0.272549, 1.69077, -1.23648)
(-625.063, -216.986, 2659.29, 0.115269, -0.100846, -633.51, -205.735, -0.0912394, -0.120595, -0.188584, -0.516083, -0.339241, 0.231566, -0.190278, -0.0324766, 0.130419, 0.150631, 0.0854004, 0.032817, 0.0542348, 0.00624505, -0.0570521, -0.00182521, 0.18834, 0.178336, 0.0366361, -0.0341833)
(-687.225, -492.601, 2539.52, 0.192178, -0.0126737, -696.671, -479.849, -12.004, -13.8003, -0.467165, -1.83534, -1.79091, -1.18149, -3.89993, -2.96462, -1.32728, 1.00341, -0.734655, -2.80426, -0.254141, -0.262057, -1.30074, -0.432245, -1.56149, -1.17039, 0.0231483, 0.397563)
(-582.114, -402.871, 2505, 0.162599, 0.00756587, -594.065, -402.403, -1.30889, -0.574657, -0.0326075, -0.239461, -0.137611, 0.135536, 0.179332, -0.319604, 0.137322, 0.207447, -0.0137176, 0.0396617, -0.01495, 0.0584302, -0.0405227, -0.0741418, 0.0327505, 0.0674698, 0.120442, -0.0556806)
(-487.168, -568.822, 2539.52, 0.0669537, 0.0775188, -489.89, -573.918, 0.332212, 0.396811, 2.50285, 0.62836, -1.41591, -0.115631, -0.787634, -0.391052, 1.1146, 0.426261, 0.0216254, 0.0564438, -0.889243, -0.241317, 0.178577, 0.0852039, 0.549638, 0.134104, -0.415331, -0.146391)
(-568.837, -697.801, 2422.95, 0.0804034, 0.06847, -574.419, -703.209, 0.0614038, 0.470303, -0.386773, 0.21624, -0.35435, -0.247956, 0.0888101, 0.0938475, -0.0396037, 0.0348061, 0.0283974, -0.0650766, -0.00937057, -0.00916482, -0.0154058, 0.0150328, -0.00220637, -0.00135524, -0.0501248, 0.0746176)
(-247.997, -667.151, 2649.99, 0.033455, 0.16314, -254.397, -675.904, 4.22374, -7.49568, -0.332141, 3.37951, -2.73034, 5.37406, 0.904944, 1.18513, 0.288275, -1.36925, -0.368988, -1.89484, 0.841076, -0.938237, -0.397946, 1.05598, -0.672795, 1.60873, 0.484911, 0.176916)
(-406.232, -698.97, 2673, 0.0151354, 0.062475, -406.458, -703.542, -0.247909, 1.38352, 0.0643636, 0.0479954, 0.0693665, -0.152167, 0.112719, -0.15631, 0.224712, -0.0877998, 0.0882331, 0.130121, 0.116584, -0.00659915, 0.0170252, -0.0552612, -0.00353208, 0.0549998, -0.0350133, -0.0502398)
(-283.355, -812.928, 2605.8, 0.0406922, 0.0739018, -285.077, -817.477, -0.504765, -0.570732, -0.235061, -0.416914, -0.135261, 0.0165451, -0.20904, -0.249143, 0.0416825, -0.0167335, 0.158069, 0.0112581, -0.0301733, -0.0357395, 0.0252691, 0.00888554, -0.0198939, -0.0437788, -0.0210131, 0.0423136)
(-139.374, -802.632, 2620.37, 0.00191958, 0.0754399, -141.325, -793.349, 3.00055, -22.531, -0.458665, -0.481854, 1.06979, -2.54556, -0.234883, 0.59409, -0.66097, 1.0596, 0.0933163, 0.654757, -0.24139, 3.04269, 0.00502946, 0.0609682, -0.41009, 2.51705, 0.23092, -0.0862448)
(-95.9353, -639.466, 2736, -0.0984979, 0.139786, -84.8958, -638.208, 4.58118, -28.5377, -1.14692, -11.4728, 8.19993, -1.55478, -1.33108, -2.88925, -0.531051, -3.29009, 1.70313, 2.86888, -0.62109, -0.563493, -1.88206, 0.94574, 1.08087, 2.70923, -1.55701, 1.62059)
(76.1605, -623.67, 2580.06, 0.0461981, -0.0255272, 72.617, -608.745, 0.663308, 13.2915, 0.261016, 0.363814, -1.14302, -4.37385, 1.06768, 4.81924, -0.400953, -2.74675, -0.0527766, -0.110848, 0.604794, 2.15704, -0.451648, -2.49499, 0.0853132, 1.34762, 0.17948, 0.175215)
(-13.867, -892.953, 2404.2, 0.0255769, 0.140674, -16.3167, -903.2, 0.735794, -0.209853, -0.0154135, 0.151218, -0.192355, 0.16078, 0.0071323, -0.205133, 0.193902, -0.0201738, 0.273962, 0.0509819, -0.0122493, 0.0319798, -0.00931702, 0.148763, 0.0656197, -0.0925676, 2.83649e-06, -0.0129827)
(16.7985, -746.142, 2598.97, 0.0199188, 0.0961349, 15.7627, -753.136, -0.467245, -0.185019, 0.0510991, 0.52957, -0.215449, 0.0520015, 0.217237, -0.00463992, 0.0741737, -0.0824891, 0.0674782, 0.176548, 0.0142395, 0.0411604, -0.102364, 0.0569356, -0.00207989, 0.171526, -0.0725003, -0.0223692)
(149.282, -801.851, 2467.2, 0.0627148, 0.183002, 143.875, -815.5, 4.09664, 2.12944, -2.36546, -2.89771, -2.61183, -2.19525, 0.18639, 0.210723, 1.55238, 1.4714, 0.679307, 0.964295, -0.63808, -0.541674, -0.877832, -1.00891, -0.0894718, -0.0787032, 0.569781, 0.747071)
(224.485, -662.392, 2567.14, 0.119526, 0.136781, 212.658, -671.986, 0.327782, -0.114021, 0.181051, -0.14161, -0.157402, 0.0184599, 0.0393077, 0.0724653, 0.048786, 0.141581, 0.147214, -0.00526241, -0.0599675, 0.0604081, 0.146417, 0.00786352, -0.10599, -0.0328544, 0.120671, 0.0488188)
(326.185, -549.551, 2561, -0.0587872, 0.11563, 336.63, -552.074, 11.8501, 8.15986, -2.23405, -0.103714, -2.95663, -1.40919, 1.99243, 1.91799, -2.12234, -3.00345, 2.15056, 0.772053, 0.0104168, 0.319151, -1.16148, 0.093916, 0.660037, 1.77809, -1.42748, -1.23587)
(461.042, -540.423, 2451, 0.00567947, 0.127071, 459.446, -550.5, -0.738637, -1.36045, 0.407804, 0.212123, 0.187844, 0.0746303, -0.0393459, 0.0466522, -0.0477714, -0.0378172, 0.0705296, -0.221127, -0.0413303, 0.0107116, 0.133574, -0.0373847, -0.0520553, -0.0722676, 0.0945932, -0.0387526)
(409.618, -356.523, 2883, -0.184618, -0.257446, 420.75, -335.125, 46.4625, 19.4813, -11.8926, 14.7907, -33.2703, -10.2383, -1.73557, 1.08849, 15.6624, 0.78444, 8.17795, -2.09393, -2.43546, 1.4875, -6.43589, 1.6667, -4.08947, 0.450764, 0.176993, -3.8515)
(525.037, -419.734, 2680.3, 0.0179976, 0.069441, 520.326, -427.5, 0.679841, -0.843673, 0.682996, -0.025118, 0.0932883, 0.394098, 0.187738, 0.0616543, 0.0804424, 0.183362, -0.0586077, -0.0867308, 0.280999, -0.15378, 0.071595, -0.0070242, -0.145692, -0.0917537, -0.0967704, 0.015514)
(557.387, -231.226, 2631, 0.0839227, 0.1703, 517.35, -255.925, 41.0466, 11.6814, -0.268364, 1.44875, 4.23933, -1.54444, 5.18087, 0.37287, -2.46241, -2.8386, 8.19142, 3.39026, -2.60231, -1.89667, 3.28045, -1.04058, 0.92941, 1.19816, 0.903367, -1.10729)
(787.476, -568.937, 2589, 0.0312906, 0.062423, 780, -570.417, -3.49625, 5.25833, 0.382652, 0.146452, 1.22423, -1.64855, -1.29583, 1.89058, 0.756574, -1.08624, 0.0251007, -0.331909, -0.72391, 0.747841, 0.915521, -0.951278, -0.308803, 0.572876, -0.180632, 0.228898)
(983.524, -923.447, 2095.08, 0.000158492, -0.0417527, 978.613, -906.213, -3.86107, 14.953, 1.92515, -7.73776, -1.3177, 4.72831, 0.914193, -3.6719, -0.741244, 2.89134, 0.593676, -2.41125, -0.528034, 1.83633, 0.468843, -1.6665, -0.363193, 1.25023, 0.321468, -1.18009)
(972.788, -774.831, 2134.41, -0.0218789, 0.12475, 973.809, -783.794, 0.181941, -0.552608, 0.31376, -0.379498, -0.0335255, -0.291523, -0.0519967, -0.0153476, 0.0550944, 0.0243831, -0.0421735, 0.00866042, 0.124706, -0.0741854, 0.00603929, 0.0516718, -0.0335967, -0.00604423, -0.0239031, -0.0198835)
(1002.26, -659.934, 2184.27, -0.0322736, 0.161747, 1004.25, -670.705, 0.681111, -0.138035, -0.195012, -0.485033, -0.080345, -0.0318387, -0.108547, -0.0844139, 0.118886, -0.0982427, -0.218709, 0.242195, -0.129156, -0.0297481, 0.174378, 0.0515102, 0.0249856, 0.0413097, 0.0544859, 0.111788)
(1153.67, -534.279, 3009, 0.0241965, -0.00180571, 1151.46, -533.308, 0.977221, 0.756993, -0.124218, 0.136772, 0.357948, 0.489113, 0.219556, 0.242557, 0.568727, -0.269642, -0.00851237, 0.375291, 0.0997922, -0.26927, 0.280001, -0.127223, 0.0380133, -0.0316772, -0.116847, -0.0948071)
(1224.33, -698.484, 3009, 0.215292, 0.251509, 1200.57, -725.857, -2.63037, -3.96943, 2.07742, 1.63835, -0.689229, -0.599925, -0.383496, 0.59394, 0.357688, -0.382138, 0.0501848, -0.195346, -0.508843, -0.0249418, 0.34825, -0.137465, 0.0428568, 0.00460809, 0.037538, -0.0649537)
(1353.06, -502.658, 3009, 0.0880282, 0.248239, 1344.5, -528.125, -1.00213, -0.761929, -0.489886, -0.113592, 0.373998, -0.365226, 0.314248, 0.00153979, -0.0767341, 0.164042, 0.453689, -0.00596185, 0.175338, 0.0166885, 0.113538, 0.165061, 0.0824103, 0.291546, 0.0748343, 0.117374)
(1196.36, -372.036, 3009, 0.0259781, 0.0748044, 1193.67, -380.133, 0.108147, 0.569672, 0.245614, 1.32083, -0.484198, 0.00514675, -0.265268, 0.48327, -0.220576, 0.0601823, 0.0709368, -0.00360371, -0.222949, -0.162623, 0.200176, 0.411149, -0.319895, -0.105174, 0.0904492, -0.326664)
(1387.96, -266.351, 3009, -0.00469484, 0.345406, 1387.86, -304.286, 0.636462, -2.59459, 2.14921, 0.211282, -0.0958878, 0.769366, 0.0969542, -0.132692, -0.35447, 0.202449, 0.0299015, -0.0508356, 0.275687, 0.172719, -0.129939, 0.20131, -0.170788, -0.369761, -0.0207956, 0.0354677)
(1141.13, -256.426, 3009, -0.00426803, 0.192488, 1140.64, -277.273, -3.79599, 2.39417, -0.204544, 0.645587, -0.699128, -0.156508, -0.265645, -0.671838, -0.112056, -0.184018, 0.0931447, -0.113234, -0.110259, 0.120346, 0.0854101, 0.111007, 0.00312952, -0.32084, -0.238498, 0.0534036)
(1263.77, -125.025, 3009, -0.507896, 0.0422535, 1272.64, -121.727, 63.6235, -11.503, 31.6499, -4.4763, 17.5048, -4.23339, 12.011, -1.90529, 8.13076, -1.38212, 5.73312, -1.23882, 3.17751, -0.530371, 1.46901, 0.206966, -0.0524236, 0.11119, -0.891473, 0.223068)
(1117.36, -142.99, 3009, 0.0174989, 0.148528, 1114.91, -158.818, -0.179525, 1.51563, -0.343627, 1.31033, -0.0512512, -0.420727, 0.187342, -0.482803, -0.553231, -0.0990026, 0.120827, 0.327117, -0.304691, 0.00202943, 0.0720695, 0.0632529, -0.276668, -0.0917944, 0.279919, 0.0994776)
(1121.47, -41.3944, 3009, -0.370423, -0.273709, 1123, -52.4, 50.4741, 55.0045, 25.8151, 26.1224, 16.3289, 17.4001, 12.7553, 12.365, 8.76451, 8.56104, 6.38636, 7.08697, 5.01388, 5.57151, 4.11167, 4.62326, 2.6047, 2.78794, 2.16043, 2.2944)
(1297.24, 64.1807, 3009, -0.00417319, -0.108503, 1297.22, 74.6667, -0.0341858, 0.901245, -0.412719, -0.131402, -0.991981, 0.65646, 0.363129, -0.350487, 0.464912, -0.264927, 0.313594, 0.37593, 0.339223, 0.377131, -0.0652131, 0.0214697, 0.0113628, 0.236173, 0.204058, 0.0139366)
(1099.77, 61.6168, 3009, -0.00782473, 0.0755086, 1099.83, 54.0833, 1.56385, 0.252741, -0.155064, -0.47189, 0.401543, 0.105162, -0.210696, 0.607953, -0.391784, -0.112326, 0.275558, 0.563508, -0.171156, 0.295502, 0.105865, -0.327122, -0.132475, -0.13197, 0.129241, 0.057109)
(1078.3, 158.933, 3009, -0.000293427, -0.148768, 1077.94, 175.062, 0.0506439, 2.04863, 0.564827, 0.300339, -1.47304, 0.138258, -0.884352, 0.0599265, -0.70694, 0.411557, -0.174911, 0.153537, 0.0562751, -0.318073, 0.136336, 0.0584931, -0.134574, -0.131509, -0.107977, -0.142956)
(1125.22, 267.367, 3009, 0.0102433, 0.0174989, 1123.27, 265.545, 2.84727, 2.31804, -0.191, 0.853002, -0.354059, 0.328841, 0.562473, 0.112477, 0.184843, 0.0810217, 0.451697, -0.347678, -0.359756, 0.0532561, -0.278067, -0.0423484, -0.0705618, 0.0410438, 0.0860708, -0.199269)
(1289.45, 228.574, 3009, -0.028169, -0.127483, 1292.92, 242.692, -2.35887, 2.51391, 0.765665, 0.213587, -0.162088, 0.374779, 0.601319, -0.0705014, -0.125593, 0.544814, 0.0724683, 0.0979475, 0.0797685, 0.138891, -0.00358976, -0.00662659, -0.0255182, 0.0307793, 0.221549, -0.22937)
(1145.22, 387.572, 3009, 0.0293427, -0.0545775, 1139.5, 392.625, -0.38121, -0.632883, -2.09558, 0.947433, 1.10191, -0.290953, 0.471292, -0.292794, -0.103867, 0.331643, -0.0290541, -0.739902, -0.272033, 0.0256925, 0.234092, -0.0118208, -0.230215, -0.392403, -0.422326, 0.0344163)
(1281.83, 402.966, 3009, 0.0422535, -0.153253, 1275.07, 419.143, -1.15865, 1.01554, -0.382033, 0.0799877, -1.11575, -0.430559, 0.241105, 0.407308, 0.120175, 0.582897, 0.207613, -0.159612, -0.18186, -0.0349614, -0.0380983, -0.0135715, 0.0105492, 0.0705535, 0.148365, -0.0316906)
(1224.79, 534.776, 3009, 0.0852895, -0.153365, 1215.25, 550.75, 0.956005, 0.949607, -0.965238, -0.221941, -0.175446, 0.0269509, 0.773676, 0.395203, 0.320807, 0.254879, -0.415314, 0.261631, -0.25624, 0.0372185, 0.287548, 0.251212, -0.474227, -0.00209148, 0.17523, 0.0916389)
(1138.94, 672.785, 3009, 0.115664, -0.113956, 1126.27, 683.909, 0.369166, -0.52066, 0.106262, 0.581978, -0.62549, -0.368591, 0.0667152, -0.544396, -0.062544, -0.0969634, -0.430777, -0.160193, 0.150345, 0.401138, -0.177198, -0.00388195, -0.0958808, -0.00399828, 0.0443386, -9.93119e-05)
(1024.7, 492.479, 2598.33, 0.00215689, -0.0766712, 1022.63, 498.889, 0.185035, 0.13418, 0.0919525, -1.09726, -0.0643528, -0.030482, -0.252655, -0.00846811, -0.129983, -0.0648464, -0.106786, 0.000847305, 0.0281089, -0.0421898, 0.0056607, -0.0626971, -0.10145, -0.0532682, 0.178403, 0.118869)
(988.872, 585.884, 2198.22, -0.0325642, -0.094761, 990.435, 592.63, 0.282763, 0.0506681, -0.348314, 0.19274, 0.283744, 0.077091, 0.0135182, -0.164888, -0.0278207, 0.092628, -0.00142304, 0.137551, -0.00897754, 0.010582, 0.091532, -0.0746873, 0.0178757, -0.0521057, 0.0370491, 0.0815313)
(985.394, 711.408, 2228.61, 0.00813943, -0.143922, 983.065, 723.452, -1.63028, 1.69182, -0.0352768, -0.328142, 0.134695, 0.249618, 0.242573, 0.0905094, 0.0156801, 0.163064, 0.0302048, 0.0661145, -0.00930152, 0.17641, -0.188938, 0.0141351, 0.0695305, 0.055763, 0.00897651, -0.00953475)
(977.708, 852.907, 2127, -0.0599174, -0.0659164, 981.403, 858.806, -0.295389, 0.804176, 0.319249, -0.306199, 0.117389, -0.107743, -0.143446, -0.00108918, -0.0531985, 0.101256, -0.0425578, 0.031118, -0.0970034, -0.0446162, -0.109184, 0.0370879, 0.0821323, 0.000214107, 0.0446334, 0.0198426)
(828.67, 811.57, 2207.77, -0.162952, -0.0773892, 838.744, 817.795, 0.326603, 1.50241, -0.0226026, 0.42816, 0.413737, -0.145527, 0.0433823, 0.0741653, -0.0151545, 0.0986758, -0.0763898, 0.118468, 0.114281, 0.087917, 0.139157, 0.173853, -0.0637001, 0.0952242, -0.0207945, 0.0674945)
(899.72, 987.437, 2066.74, -0.0581165, -0.0161789, 903.62, 988.63, -0.205328, -0.0102723, -0.173535, -0.0716646, 0.0502124, 0.102086, -0.0211917, 0.017162, -0.14717, 0.0131287, -0.00220597, 0.0599991, -0.0767872, 0.0186685, -0.00988123, 0.0229801, -0.00618996, -0.0779952, -0.000759163, 0.0441328)
(758.069, 1007.41, 2188.93, -0.0289885, -0.0279303, 758.932, 1010.73, 0.515281, -0.788493, 0.491914, 0.22685, -0.110757, 0.140815, 0.0692149, -0.00913465, 0.149238, 0.0634675, 0.0852042, -0.0933237, -0.054566, -0.0266203, -0.0872032, 0.12594, 0.0524534, 0.0420355, 0.0126064, 0.0380124)
(698.292, 924.046, 2184.27, -0.15082, -0.0419084, 709.409, 926.682, -0.443207, 0.175348, -0.396915, 0.0175614, 0.452428, -0.0423493, -0.0376361, 0.0172922, 0.0751482, -0.0291196, 0.0165203, 0.0439328, 0.175912, -0.13016, -0.0113675, 0.0116243, 0.133246, -0.173107, -0.114691, -0.0359967)
(611.689, 986.551, 2177.4, -0.140423, 0.0210219, 622.65, 983.6, 0.766336, -0.653495, 0.0780296, -0.216962, -0.292856, -0.0134536, -0.254787, -0.298802, 0.187782, 0.0551179, -0.209609, -0.101438, 0.167396, -0.150741, -0.0343537, -0.0573684, -0.00637048, -0.106322, -0.065679, 0.0564095)
(500.621, 993.759, 2337, -0.114458, 0.00869334, 510.159, 991.884, 0.279069, -0.319359, -0.160295, 0.288584, -0.0764879, 0.0474454, -0.181122, 0.0768865, 0.172335, -0.108407, 0.131006, 0.00260308, -0.0587578, -0.163677, -0.0813771, -0.0308654, -0.0485927, -0.0641495, 0.0808321, 0.0863552)
(609.016, 1176.18, 3009, 0.137492, -0.0979209, 593.929, 1185.86, -2.99064, 1.53698, 0.691489, 0.620933, -0.26768, -0.0210611, 0.215837, -0.144763, -0.52227, -0.274793, -0.340391, -0.063481, -0.150838, -0.0537307, -0.00349821, -0.0863055, 0.0376724, 0.0870148, -0.155929, 0.221454)
(417.549, 1260.99, 3009, 0.144646, -0.0107311, 402.81, 1261.43, -0.262657, 1.19704, 0.111042, -0.272444, -0.139078, -0.909417, 0.581434, -0.124141, -0.508168, -0.132592, -0.100881, -0.170648, -0.26557, -0.067452, -0.0529959, 0.263651, 0.0154732, -0.0208987, -0.182712, 0.111005)
(361.025, 1075.02, 3009, -0.103286, 0.0316523, 371.097, 1071.48, 1.40571, -0.000373186, -1.07173, 0.145967, -0.134731, -0.917058, -0.0833113, -0.190593, 0.0633897, -0.199973, -0.133161, 0.140101, 0.0616761, 0.0146194, -0.145751, 0.0779728, 0.0822226, 0.00388845, 0.104794, 0.0459431)
(198.917, 1147.58, 3009, 0.0159289, -0.32495, 195.25, 1149.07, 1.51212, 45.0902, 1.1752, 22.179, 1.32286, 13.7168, 0.215956, 10.5348, 0.262205, 7.14991, 0.150747, 5.63276, 0.367705, 3.92763, 0.249136, 2.6902, 0.0653661, 1.80105, 0.166029, 1.28214)
(126.234, 1358.39, 3009, 0.0156495, 0.0271257, 127.111, 1353.11, 0.728203, 0.0480124, -0.153222, 1.34998, -0.48663, -1.31595, 0.285622, 0.616256, -0.499498, -0.235175, 0.161597, 0.135973, 0.196496, -0.227225, 0.0518546, 0.332334, -0.174392, -0.0259523, -0.00873099, 0.0313003)
(43.2739, 1153.32, 3009, 0.0808081, 0.000711339, 34.3939, 1153.82, -0.972774, -1.20468, -0.792422, -0.0953376, -0.681796, -0.114048, -0.020619, 0.177173, 0.0681605, -0.258471, 0.0886643, -0.250206, -0.176134, -0.178447, 0.120571, 0.0205152, -0.0339421, 0.0290015, 0.187366, 0.128472)
(-158.751, 1182.49, 3009, 0.141353, -0.00342596, -173.568, 1183.32, -1.44471, -0.903609, 0.0688578, -0.70724, -0.21252, -0.498592, -0.0319151, -0.266533, -0.345151, -0.409322, -0.033955, -0.267919, 0.028003, -0.184015, 0.0844871, 0.0636565, 0.0368378, -0.136356, 0.107496, 0.0705045)
(-50.1776, 995.194, 2266.26, -0.0366535, -0.198427, -45.3333, 1002.08, -2.45049, 19.0695, -2.5951, 6.78815, -2.49912, 2.01823, -2.03857, -0.128278, -1.27613, -0.831109, -0.4196, -0.714074, 0.0356682, -0.147496, 0.298322, 0.688572, 0.113063, 1.19406, -0.238766, 1.48532)
(-254.121, 1001.81, 2325.8, 0.0704592, -0.0438618, -258.667, 1004.78, -0.639341, -0.161321, -0.222282, -0.203226, -0.166117, -0.0767345, 0.0920263, -0.041219, -0.0547513, -0.106911, 0.0237281, 0.0320031, -0.0380187, -0.0700137, 0.107362, 0.0736754, -0.0474301, -0.0644481, -0.0256076, -0.0158767)
(-133.545, 349.962, 2917.36, -0.567857, -1.15093, -57.1818, 456.182, 28.0454, -28.7591, 3.68566, 45.8191, -6.87675, 29.7383, 10.4592, 0.60414, -9.0529, -27.3967, -0.82542, -11.016, 5.51465, 12.4466, -4.91649, 10.9726, 4.15269, 2.23107, -1.33859, -11.3361)
(-105.977, -1009.07, 2590.09, 0.03852, 0.053846, -108.117, -1012.81, 0.478451, 0.0117311, -1.69051, 1.14801, -0.568624, 0.569875, 0.906345, -0.51391, 0.880942, -0.330777, -0.316351, 0.152767, -0.577971, 0.392963, 0.21162, 0.0269379, 0.467981, -0.357681, -0.0428721, -0.0674708)
(-331.249, -986.764, 2473.22, 0.102164, 0.0739961, -339.45, -990.676, -1.27276, -3.98854, -0.0986849, -1.10837, -0.131445, -0.43834, 0.099189, -0.260974, -0.0115434, 0.315232, 0.0184159, 0.312503, 0.0275239, 0.534407, 0.0593255, 0.391779, -0.0265302, 0.511351, 0.0689403, 0.347253)
(-346.994, -1236.18, 3009, 0.106724, -0.0197854, -358.232, -1233.23, 0.0336627, 1.05412, -0.108518, 0.222957, -0.0474619, 0.236172, -0.173084, 0.112904, -0.144348, 0.359468, 0.105395, -0.096385, -0.00447173, -0.048001, 0.0196864, -0.122919, 0.149755, -0.0662294, 0.0104075, -0.0492766)
(-506.918, -982.313, 2242.04, 0.216152, -0.0178358, -523.25, -980.141, -1.05373, 0.978587, 0.0986662, 0.163623, -0.313072, -0.0320355, 0.000780169, 0.0947047, -0.083659, 0.00494718, -0.0607577, -0.0816651, -0.101051, 0.204696, 0.0120244, 0.138013, -0.0724829, -0.0299526, -0.00985385, 0.01121)
(-442.804, -839.016, 2617.84, 0.0116693, 0.105488, -442.478, -847.045, -1.10177, -1.51593, 0.147246, 1.70993, 0.520623, 0.24743, -0.332666, -0.961058, -0.129329, -0.25747, 0.0879184, 0.37372, 0.187061, 0.476634, -0.0541065, -0.232668, 0.0425419, -0.43209, -0.0602783, 0.165664)
(-638.647, -1030.74, 2353.8, 0.118389, -0.022474, -643.237, -1029.19, 5.38865, -1.19009, -0.300518, 0.423995, -1.37637, 0.370859, 1.72173, -0.5494, -1.46056, 0.581918, 0.458084, -0.0548771, 0.214597, -0.00707239, -0.726464, 0.236006, 0.823726, -0.124377, -0.453389, 0.0900827)
(-787.726, -972.699, 2174.79, 0.148502, 0.0520944, -799, -975.575, -0.454551, 0.288651, 0.388205, -0.497332, -0.0441297, 0.259122, -0.0704686, 0.327929, -0.00295422, -0.0565147, 0.0154767, 0.104953, -0.0413328, -0.0528509, 0.0113996, 0.033665, 0.0396547, 0.0321442, 0.0758054, -0.00173394)
(-700.263, -824.979, 2238.18, 0.18523, 0.0547316, -714.341, -828.129, -0.670005, 0.449538, 0.403409, -0.22212, -0.513877, -0.204653, 0.0704667, -0.0654696, -0.138219, -0.103283, -0.0920788, 0.00468308, -0.104465, 0.0409707, -0.0770487, 0.116531, -0.00969591, 0.0614347, -0.0079843, 0.00145332)
(-917.449, -924.622, 2138.45, 0.11537, 0.0395217, -925.924, -926.227, -0.855148, 0.00236406, -0.26164, 0.229095, 0.0920741, 0.0468335, 0.0450293, -0.121622, 0.0676504, -0.115519, 0.00344388, -0.102568, 0.0442012, 0.034144, -0.0160397, -0.03984, 0.00161693, -0.0117918, -0.0404263, -0.0029595)
(-929.223, -761.488, 2215.47, 0.126515, 0.0541341, -938.298, -765.021, 0.0582347, -0.16556, 0.271373, 0.171886, 0.133508, -0.313226, 0.0143847, 0.00726388, -0.237521, 0.180831, -0.114472, -0.0970658, -0.105978, -0.0193611, -0.0333892, -0.0437895, 0.0294246, 0.112742, -0.0374354, 0.0546346)
(-714.876, -645.521, 2407.21, 0.0828059, 0.0702645, -720.239, -650.91, -0.951948, -0.230861, -0.0679743, 0.231744, 0.113861, -0.169281, 0.0154189, -0.00894413, 0.0551932, 0.0915428, 0.115339, 0.018106, -0.12508, -0.0418363, 0.0414461, 0.0441062, -0.00615253, 0.00474486, -0.0452414, -0.0279799)
(-1008.37, -631.68, 2280.33, 0.0358016, 0.0815874, -1010.66, -638.265, -0.0829374, -0.567916, 0.0465634, -0.357527, -0.0060128, 0.133269, 0.0210065, -0.0819696, 0.0949865, -0.0489528, -0.018401, -0.055978, -0.0237283, 0.034569, -0.00297348, -0.0516792, -0.00458564, -0.0840451, 0.040948, -0.0226233)
(-840.692, -556.556, 2316.94, 0.0974674, 0.111386, -846.687, -565.343, -0.270718, -0.174319, -0.0690245, 0.0391099, 0.0135674, -0.341086, 0.0223695, -0.036436, 0.0563408, 0.356559, 0.0308154, -0.034095, -0.0176295, -0.0219943, -0.109082, 0.201014, -0.00398857, -0.030821, -0.0435723, 0.0289802)
(-993.683, -503.443, 2216.04, 0.0521733, 0.0726508, -997.333, -508.253, 0.255478, 0.238501, -0.030265, 0.102068, -0.24616, -0.155381, 0.247475, 0.0118992, 0.14435, 0.00938709, -0.0457405, -0.00396365, 0.0891782, -0.105856, 0.115999, -0.0196343, -0.117135, -0.0877604, -0.00127336, 0.00872076)
(-995.33, -378.489, 2256.19, 0.00762579, 0.0590376, -996.241, -382.684, 0.490297, -0.536869, -0.103907, -0.514073, 0.105092, 0.142028, -0.0430104, -0.0529036, 0.0169764, -0.100975, -0.100781, 0.122513, -0.0201693, 0.0475807, -0.0395859, -0.107463, -0.0490872, 0.0314849, 0.0336004, 0.0831367)
(-836.998, -402.423, 2549.21, 0.12999, -0.0394233, -846.439, -395.298, -0.508182, 1.09847, 0.850946, -4.53279, 0.211288, -0.801795, -0.293515, 2.0607, -0.367712, 0.77628, 0.0492969, -1.33167, 0.23982, -0.787298, -0.0804334, 1.00528, -0.0600155, 0.822035, 0.0549446, -0.599563)
(-741.85, -310.518, 2618.14, 0.0938233, 0.0319526, -747.98, -312.49, 0.0435284, -1.46845, -0.30036, -0.458974, 0.260145, -0.0493342, -0.161712, -0.268902, 0.100771, -0.056504, -0.0358399, 0.0936891, 0.172518, -0.0451947, -0.000664887, 0.134781, -0.064298, -0.100668, -0.000325187, -0.0419658)
(-853.337, -218.602, 2789.87, 0.141308, -0.106793, -865.217, -207.13, -1.75528, 0.264095, 3.39749, -0.0069121, 2.35486, -0.153287, -1.38494, -0.210122, -1.5998, -0.0406269, 0.364039, -0.0986956, 1.39027, 0.200861, 0.269358, 0.0819367, -1.10944, 0.121156, -0.432562, -0.0523909)
(-722.179, -136.416, 2687.3, 0.041567, 0.11074, -724.426, -144.128, 2.94147, -8.60199, -0.621244, 3.50805, -1.32406, 5.36823, -0.707796, 2.43169, 0.12798, -0.50821, 0.661685, -2.21552, 0.768568, -1.56862, 0.206917, -0.046793, -0.220202, 1.15594, -0.315887, 1.29241)
(-756.333, -12.1029, 2673, 0.092572, -0.0216714, -762.095, -9.09524, 2.10363, -0.955703, 0.771293, -0.437395, 0.0310006, 0.0844891, -0.0544581, -0.00650875, 0.0448164, -0.162003, 0.116165, -0.237297, 0.069221, 0.0626233, -0.109843, 0.0803183, 0.0157455, -0.00468716, 0.0502161, -0.0463488)
(-881.814, -54.0825, 2584.58, 0.10254, -0.0230956, -888.053, -50.4474, -0.373438, 1.18943, -0.0761673, -0.69301, 0.426422, -0.326265, -0.135967, 0.269385, 0.235445, -0.129995, 0.151351, -0.195818, 0.0667494, 0.0833757, -0.099567, 0.0810162, 0.0543841, 0.087003, 0.122488, -0.0409404)
(-900.816, 59.9008, 2605.8, 0.282503, 0.134772, -915.4, 54.2, -19.1469, -13.986, -1.79231, -2.11895, 3.18358, 1.8344, 4.9294, 3.10548, 4.77812, 2.9503, 2.83817, 1.87314, 0.570319, 0.366956, -1.21442, -0.701513, -2.42762, -1.53817, -2.24789, -1.42096)
(-788.065, 146.053, 2614.57, 0.0791195, -0.218453, -793.565, 161.348, -2.58609, 11.5728, -1.49553, 3.79915, 0.283629, -0.518504, 0.938799, -2.57557, 0.942186, -2.9497, 0.552939, -2.43564, 0.452534, -1.58312, 0.108816, -0.506685, -0.0997635, 0.501585, -0.308177, 1.14555)
(-908.12, 179.734, 2649, 0.0750246, 0.0441193, -913, 175.357, 1.26533, -1.38565, 0.0051088, -0.470158, 0.480024, 0.278801, 0.317942, 0.277858, -0.413191, -0.266653, 0.0228893, 0.0025358, 0.0362035, -0.0642255, 0.00467744, -0.00855737, 0.0675259, 0.0152491, -0.174794, -0.221239)
(-930.203, 272.075, 2541.88, 0.104887, 0.0330173, -936.634, 268.927, 0.0946225, 0.492994, -0.118177, -0.110829, 0.212623, 0.339287, -0.175519, 0.102202, -0.0525899, 0.0508473, 0.132793, -0.026652, -0.0129616, -0.218131, -0.0359426, 0.099147, 0.0550478, -0.00459516, 0.0742504, -0.000801149)
(-801.669, 295.508, 2400, 0.121739, -0.119394, -809.333, 305.792, -0.534589, 1.33182, -0.0836162, -0.141279, -0.0916947, -0.134899, -0.144929, -0.021774, -0.0533785, 0.178968, 0.0128879, 0.105004, 0.0138011, -0.0474865, 0.0845854, 0.0154204, -0.0903257, 0.0436695, 0.024133, -0.0345657)
(-898.386, 385.502, 2495.12, 0.111708, -0.0262515, -904.706, 387.824, -1.19109, -0.511352, 0.730335, 0.388358, 0.0216049, -0.508157, -0.0627744, 0.119161, 0.187722, -0.0838851, 0.0321624, 0.0280453, 0.0778772, -0.02719, -0.00453188, -0.0378699, 0.000648586, 0.0799335, 0.020162, 0.0671351)
(-819.062, 476.923, 2329.7, 0.132682, -0.0855429, -828.261, 482.957, -0.77795, 0.0529621, 0.195546, -0.570551, -0.134208, -0.0451928, -0.085218, -0.184227, -0.119219, 0.201627, 0.139837, 0.0473273, -0.145357, -0.0428308, -0.0388088, -0.00535744, -0.00391212, 0.0974219, -0.0724984, 0.0152367)
(-862.219, 654.391, 2326.66, 0.0840322, -0.0660981, -869.431, 655.292, 3.49746, 6.40979, 0.767583, 0.828332, -1.63604, -2.68864, 1.17501, 2.34394, -0.0363141, -0.337668, -0.744802, -1.01523, 0.963817, 1.20906, -0.544123, -0.560563, -0.373175, -0.398195, 0.579027, 0.92113)
(-972.621, 755.177, 2167.15, 0.0489066, -0.0983929, -976.418, 761.571, -0.527211, 0.489248, -0.0987125, 0.461668, 0.13069, 0.0375698, -0.0819225, -0.101592, 0.037699, -0.0183795, 0.0114119, -0.101796, -0.0214095, -0.0616648, -0.00296494, -0.0413025, 0.000328232, -0.0357391, 0.11404, -0.0783408)
(-767.436, 820.896, 2440.38, 0.0994906, -0.0357286, -774.474, 822.897, -0.621233, 0.378898, -0.376912, 0.118145, 0.0441274, -0.0989126, -0.095226, -0.0303126, -0.0199472, 0.00885973, 0.00307319, 0.181506, -0.176771, 0.026764, -0.047205, -0.0987275, 0.051486, 0.0209038, -0.0593174, -0.0226127)
(-956.905, 933.202, 2053.36, 0.0443188, -0.112537, -959.558, 941.649, 0.157367, 0.720667, 0.229219, 0.014591, 0.20426, 0.127837, -0.0370982, -0.0375659, 0.134236, 0.215529, 0.126979, 0.0119013, 0.218901, 0.172375, -0.0419654, 0.0545152, -0.0393801, -0.0578151, -0.00956036, -0.0209188)
(-614.517, 696.985, 2387.4, 0.0107382, -0.0631922, -600.617, 683.833, -8.92449, 24.9226, 5.80429, 3.06695, 2.19236, 3.42805, -1.15793, 5.70337, 3.913, -0.629414, -1.66314, 4.49426, 2.00624, 0.382524, 0.308213, 1.66514, -0.233023, 1.9953, 1.73483, -0.159254)
(-775.273, 983.744, 2230.09, 0.164192, 0.00686064, -789, 981.106, -0.854999, -0.270794, 0.241923, -0.180384, -0.0856067, -0.32939, 0.100099, -0.0533051, -0.106576, -0.00173307, 0.0438756, 0.0501707, -0.134274, -0.00348245, 0.0969017, 0.0355684, 0.0015493, -0.0859948, -0.0334716, 0.0113666)
(-611.698, 996.09, 2404.2, 0.180753, 0.0238271, -625.856, 991.911, -0.79805, -1.03411, -0.0792675, -0.0959428, 0.164964, -0.0787954, -0.103975, -0.0227492, -0.0393283, -0.272424, -0.0307869, -0.0576899, -0.131367, -0.056015, 0.0363367, -0.0511489, 0.0379038, 0.00079573, -0.00707721, 0.0214826)
(-437.8, 999.632, 2265.73, 0.101821, -0.0382428, -444.626, 1002.1, -0.358545, -0.558361, 0.18976, -0.0371664, -0.12034, -0.0980862, 0.069444, 0.134436, -0.0316724, -0.025813, 0.0296533, 0.00432792, -0.0659734, 0.0835174, -0.101058, 0.0689389, 0.00940116, -0.045576, -0.00345944, -0.0035944)
(-412.333, 1200.22, 3009, 0.197183, 0.0414189, -432.356, 1194.47, -1.02358, -2.52304, -0.457199, -0.508273, -0.261145, 0.17666, 0.0286102, -0.40141, 0.193543, -0.205387, 0.0798456, 0.118795, 0.0807101, 0.103647, -0.035881, -0.0737807, 0.0529513, -0.22244, 0.0967245, -0.0327701)
(-313.65, 464.031, 2890.41, 0.0514199, -0.021021, -322.471, 454.412, 5.48251, 15.5993, -0.443319, -13.1877, -0.321906, 0.0585625, 0.475443, 7.71389, -1.43867, -4.19631, 1.2259, 0.609465, -0.669053, -1.33849, 0.00539685, 2.25304, 0.40098, 0.322546, -0.42193, -3.4164)
(-262.01, -33.2034, 3009, 0.0654806, 0.150482, -269, -61.1053, -5.42571, -19.4368, 0.128354, 1.70884, 1.16001, 4.42304, -1.79575, -6.22604, 1.21017, 4.07162, -0.236378, -2.09274, -0.365171, -1.03279, 0.594168, 2.91415, -0.288483, -2.84296, 0.198331, 1.67521)
(-97.3023, 14.0421, 3009, 1.12019, 0.564789, -227.6, -8.2, 26.9947, -71.5393, -22.0842, 36.7391, 3.46362, 41.6144, 11.2345, -6.47681, -37.3318, -3.86621, 10.5337, -5.59153, 44.1542, -12.1632, -15.1416, 6.77958, -26.5021, 6.35543, 0.21159, -1.39609)
(-237.17, 164.75, 3009, -0.24507, 0.962911, -198.7, 37.4, -34.3893, 3.50448, -16.1115, -29.5841, 21.4226, 6.49026, -6.47399, 18.7656, -5.34524, -15.5447, 7.94682, -6.67379, -4.20234, 17.3054, -1.13047, -5.65184, 3.83642, -10.8766, -3.62316, 11.7035)
(-157.642, 212.992, 3009, 0.413772, 0.167762, -195.933, 200.067, -10.7762, -13.9153, 17.1665, 7.19544, 9.57801, 11.2599, -6.03897, -5.16228, -7.54846, -7.28958, 1.29021, 2.93578, 5.76542, 3.44307, 1.49804, -0.288187, -3.41435, -1.23175, -2.95333, -2.17827)
(-49.1878, 245.816, 3009, -0.178404, 0.342723, -30.0909, 124.545, 37.3414, -46.0868, 1.80084, 54.8974, 11.8087, -17.0118, -1.09993, 26.6245, 5.28479, -12.5162, -1.52, 15.5864, 3.27261, -10.2251, -1.98031, 9.93599, 1.4073, -8.90174, -2.28944, 6.65168)
(-1.20502, 312.403, 3009, 0.123239, 0.0152582, -13.125, 311.25, -1.23553, 0.0169429, 0.0126237, 0.254717, 0.271983, -0.941339, 0.718868, 0.843729, -0.0370283, -0.492744, -0.0300841, 0.0580793, -0.464705, 0.0624102, -0.0344332, 0.243754, -0.0796277, -0.521816, -0.0550163, -0.0627383)
(72.0254, 246.692, 3009, -0.850436, -0.855131, 107.571, 278.714, 92.144, 89.0848, 16.7582, 14.1005, -15.7731, -15.905, -26.3781, -27.0942, -23.4576, -24.3193, -13.5006, -13.4797, -1.58446, -1.75815, 8.10745, 8.88672, 12.775, 12.6554, 10.9431, 11.6298)
(156.693, 240.048, 3009, -0.402347, 0.107042, 172.1, 235.3, 50.254, -13.1585, 2.99256, -0.455377, -13.3017, 3.10111, -17.092, 4.14791, -11.3112, 2.93396, -3.49437, 0.829254, 4.03282, -0.833592, 7.43758, -2.01439, 6.87903, -2.05079, 3.65893, -0.875808)
(209.258, 114.997, 3009, 0.181045, -0.0545775, 201.812, 125.312, -19.311, -9.23657, -9.66432, -3.6887, -5.23339, -1.59888, -3.86759, -1.25672, -2.012, -0.885249, -1.5719, -0.891194, -1.1535, -0.466364, -0.347805, -0.242261, 0.270413, -0.0641012, 0.223855, 0.0945563)
(179.756, -38.0224, 3009, -0.406439, 0.149899, 178.357, -15.7857, 71.032, -67.4426, 50.8887, -9.83568, -1.42149, 22.4349, -37.5746, -7.4447, -5.39863, -7.48604, 13.2162, 12.7144, -11.4829, 9.42537, -12.3355, 2.04452, 0.68741, -2.46953, -4.36909, -0.637357)
(297.979, -803.944, 2568.89, 0.0114353, 0.0151411, 295.859, -795.648, 4.06287, -9.53781, -2.811, 5.32894, -1.27409, -0.824829, 0.709766, -0.0331016, 0.951358, -0.216842, 0.0876359, -0.794993, -0.755121, 1.32145, -0.229873, -0.996019, 0.106199, 0.977527, 0.523853, -1.13123)
(246.886, -979.908, 2580.95, 0.00181171, 0.0523972, 246.137, -982.986, -0.997385, 0.115125, 0.0416215, -0.0512599, -0.00787319, 0.252534, 0.0863205, 0.0764303, -0.0669657, 0.0840754, 0.0310765, -0.100819, 0.0161406, 0.226277, -0.0616316, 0.183039, -0.131904, 0.0771339, 0.0141386, -0.0762977)
(447.871, -859.459, 2482.09, -0.0880236, 0.110585, 452.614, -868.341, 0.74987, 0.14433, -0.260891, 0.414355, 0.513181, -0.359279, 0.0245582, -0.104031, 0.106908, -0.148702, -0.0380755, -0.109687, -0.155411, -0.0115119, -0.0665857, 0.00365309, 0.0210906, -0.0134018, -0.0346656, 0.0703712)
(599.431, -844.228, 2495.84, -0.136159, 0.0147401, 608.891, -845.073, 0.738771, 0.117513, -0.105593, 0.51922, 0.0829521, 0.329902, -0.0259338, 0.417201, 0.152924, 0.0936604, 0.0123607, -0.0400101, -0.102128, 0.187411, 0.160972, -0.0216125, 0.0247292, 0.0478976, 0.0850018, -0.0427692)
(401.443, -686.751, 2537.52, -0.0632224, 0.0477878, 411.903, -683.661, 7.243, 6.24259, -1.68259, -1.2968, -1.57535, -0.877826, 2.20304, 1.67348, -1.77967, -1.55144, 1.21355, 1.02662, -0.203848, -0.257975, -0.548723, -0.560435, 0.776105, 0.889054, -0.88524, -0.889703)
(637.002, -707.339, 2399.51, -0.0918548, 0.103588, 642.279, -716.512, 1.25246, -0.388986, 0.281511, -0.0552422, 0.36457, -0.0332854, -0.0955749, 0.0054878, 0.263224, 0.273522, 0.320206, 0.0426098, 0.00324836, 0.025179, 0.21201, 0.069336, 0.0210332, -0.0634691, -0.103953, -0.129185)
(526.751, -648.988, 2485.62, -0.107415, 0.089538, 535.173, -654.981, 0.255429, 0.158783, 0.209228, 0.130902, -0.31504, 0.0703585, -0.104181, 0.139176, -0.242842, 0.0406092, 0.168518, 0.00652078, 0.134603, -0.109329, 0.0951627, -0.146644, 0.0214637, 0.0432509, -0.0900965, -0.0404476)
(632.249, -541.323, 2619.55, -0.109895, -0.0671693, 639.977, -535.136, 1.39843, 1.59068, -0.262033, -0.118116, -0.0485348, 0.0159532, -0.0501354, -0.280295, -0.0632156, 0.18797, 0.0682792, -0.234115, -0.206582, 0.164342, -0.0538719, 0.0937349, -0.087059, 0.0214618, -0.024757, -0.121312)
(622.721, -362.703, 2558.05, -0.0899695, -0.00450031, 628.474, -362.526, 0.150663, 0.209754, 0.578075, 0.0367761, -0.260773, -0.169336, -0.101912, -0.06585, 0.0100095, 0.0365531, 0.0574982, 0.0432883, 0.105402, -0.0432022, -0.0491464, 0.108188, 0.0173968, 0.0534503, 0.00534238, -0.0454228)
(738.914, -439.838, 2533.53, -0.111781, -0.0391852, 747.698, -436.302, -0.126415, -0.296924, 0.0460787, 0.141252, -0.1907, 0.212392, -0.131148, -0.196519, 0.250317, -0.0315837, 0.136569, -0.0286137, 0.00835276, 0.0364165, -0.0511717, 0.0804866, -0.0241902, 0.103858, -0.00842391, 0.0344978)
(680.624, -284.558, 2492.71, -0.107192, 0.0516578, 687.171, -289.366, 0.185297, -1.57927, -0.285594, -0.617667, 0.140427, 0.289396, 0.391535, 0.047012, 0.070936, -0.0529225, 0.0722166, 0.226916, 0.0674541, 0.114304, -0.0290451, 0.0195852, -0.0665658, -0.00861658, -0.0706144, -0.0513388)
(832.858, -379.461, 2379, -0.163098, 0.135336, 842.325, -386.525, 4.33116, -9.47096, 0.973671, -2.66295, -0.261507, -0.393386, -0.549808, 1.40017, -0.8224, 1.86741, -0.70112, 1.74686, -0.511471, 1.37574, -0.30051, 0.801124, -0.0695979, 0.0736323, 0.177876, -0.511203)
(797.887, -309.124, 2561, -0.13296, -0.0369216, 807.422, -303.956, 0.568502, 0.966591, -0.135342, -0.488073, 0.337175, -0.389767, -0.199739, -0.153293, -0.0195178, 0.0637427, 0.160234, -0.0177809, 0.108202, 0.00879386, -0.0795357, 0.093561, -0.0383598, -0.170655, 0.125246, 0.0504285)
(831.743, -181.132, 2505, -0.112032, 0.0340197, 838.81, -182.714, -0.328935, -1.14117, -0.267629, -0.201907, -0.0365747, -0.351471, 0.140024, -0.0230009, 0.102809, -0.220358, -0.0380788, -0.110764, 0.0858923, -0.00624581, -0.128507, -0.0765531, -0.160535, -0.0800733, -0.0626832, 0.0243667)
(708.815, -186.791, 2652, -0.0613866, 0.0254928, 709.021, -187.875, -2.72137, 0.756845, 2.44471, -0.239421, -0.828683, 0.449422, 0.307882, -0.58341, -0.461989, 0.124294, -0.135171, 0.00318495, 0.25682, 0.0101046, -0.247312, -0.0931023, 0.212922, -0.0679992, -0.147449, 0.196613)
(765.68, -73.3664, 2673, -0.10779, -0.0387823, 773.778, -68.1111, 0.59801, 0.989071, 0.108947, -0.512248, -0.611926, -0.528338, 0.249675, 0.264321, -0.154819, 0.0461908, 0.0641424, -0.247719, -0.188651, 0.0736465, 0.0642287, -0.0692761, 0.0543199, 0.0244208, 0.0972402, -0.0227171)
(602.131, -89.2441, 2558.62, -0.296142, 0.16315, 627.681, -102.021, -5.54336, 5.06415, -3.10595, -4.50755, 4.31348, -4.54262, 2.9108, 0.0824167, -3.11344, 2.69196, -2.96265, 1.75115, 1.667, -1.05986, 2.61397, -1.87127, -0.649444, -0.444524, -1.7337, 1.16462)
(872.811, -44.1756, 2464.14, -0.117614, 0.0691753, 880.297, -51.2703, 0.86009, -0.835809, 0.240656, -0.95964, -0.321108, -0.00622717, -0.0396472, 0.0266805, 0.00986551, 0.318706, -0.0199618, 0.172515, -0.103283, -0.102965, -0.0272736, -0.162465, -0.158657, -0.136332, -0.0546736, -0.0958162)
(696.904, 24.8868, 2776.38, -0.173189, 0.17386, 702.205, 12.4103, 16.0198, -8.4118, 7.58942, -2.62662, 3.09516, -0.855195, 1.72168, -0.490925, 0.243669, 0.149703, -0.643388, 0.150015, -1.30532, 0.340676, -1.60016, 0.713357, -1.75067, 0.618735, -1.67702, 0.6723)
(731.511, 152.503, 2584.58, -0.103094, 0.0581308, 739.5, 147.658, -1.54825, 0.0862905, 0.137471, 0.059707, 0.0389649, -0.135659, -0.0281446, -0.0876623, 0.039038, 0.0239559, 0.0842573, 0.150164, -0.068083, -0.0952408, 0.0469714, 0.127146, 0.149029, 0.056662, 0.0271577, 0.0268611)
(831.977, 180.87, 2673, -0.240047, 0.0354832, 853.407, 180.074, 5.1539, 0.132938, -11.9716, -2.82767, -3.41098, -0.976366, 4.87577, 0.702971, 2.89907, 0.977356, -2.70221, -0.643854, -3.15453, -0.886711, 1.05089, 0.453012, 2.45221, 0.405445, -0.189904, -0.171277)
(779.205, 269.073, 2572.2, -0.0638598, -0.0572204, 782.933, 276.033, 0.954081, -0.101372, -0.279501, 0.73853, -0.094347, -0.126694, -0.0628577, 0.1206, -0.0127725, -0.0468407, 0.354407, -0.187104, 0.0176414, 0.120214, 0.058159, 0.0721645, 0.184945, -0.075675, 0.0502376, 0.102517)
(871.368, 271.539, 2658.39, -0.103933, 0.14428, 877.478, 257.739, -0.754038, -1.64933, 0.161475, 0.187885, -0.309366, -0.82956, -0.11911, -0.178066, 0.223628, -0.0727655, 0.203537, 0.166968, 0.0174209, -0.145801, -0.0684064, 0.166255, 0.060217, -0.0693467, 0.306832, 0.0888826)
(891.481, 381.849, 2337, -0.163191, -0.019874, 903.125, 380.667, 1.04388, -1.41262, -0.346863, 0.913726, -0.363571, 0.104832, -0.0823369, 0.194418, 0.0527135, -0.376406, -0.15283, -0.11883, -0.00689051, 0.111738, -0.153357, -0.0555287, -0.024638, 0.0933259, 0.0385485, 0.0243451)
(790.377, 362.772, 2459.18, 0.0488856, 0.0570252, 769.545, 352.303, -18.1069, -8.52454, 3.09259, 1.10835, 2.68552, 1.05292, -4.86113, -2.15611, 4.35733, 2.24034, -2.60467, -1.16152, 0.602383, 0.100053, 1.31216, 0.499761, -2.23604, -0.936178, 2.31133, 1.0471)
(732.476, 440.058, 2469, -0.114863, -0.00386361, 739.679, 441.5, 0.34246, -1.21163, 0.169445, 0.0923797, 0.187235, 0.0317354, 0.0200168, -0.133934, 0.139416, 0.0267031, 0.0116361, -0.0489766, -0.119616, -0.0909071, -0.0630115, -0.179534, 0.0640363, 0.0247864, -0.142176, 0.0494674)
(761.563, 565.128, 2418.1, -0.0237325, -0.00376138, 761.448, 565, -0.809036, 0.259272, 4.82136, -1.507, 0.689354, -0.32083, -2.12131, 0.621897, -0.840922, 0.252054, 1.45013, -0.671253, 0.690492, -0.434263, -1.03169, 0.510991, -0.606261, 0.242696, 0.688574, -0.164817)
(671.643, 594.119, 2347.5, -0.0799183, -0.0445323, 678.031, 597.25, 1.02421, -0.281409, -0.147622, -0.460476, 0.201293, 0.141396, -0.00921644, -0.181898, 0.209321, 0.105512, -0.145877, -0.0695497, 0.0583035, 0.142075, 0.0458533, 0.0455899, -0.00114255, 0.0735921, 0.0570405, 0.0456641)
(549.771, 578.936, 2457, -0.151688, -0.0176425, 567.095, 576.81, 4.31942, -1.38215, 9.06495, -5.88004, -4.45514, 2.81031, -3.47801, 2.27346, 3.87759, -2.37968, 0.479529, -0.340042, -3.0705, 2.12202, 0.807943, -0.458205, 1.87071, -1.4012, -1.52403, 1.01451)
(515.401, 660.783, 2329.7, -0.0761684, 0.0171789, 521.783, 646.043, -2.77959, 16.9277, 0.537764, -3.24791, -0.0208956, -2.17173, -0.756232, 3.70318, 0.52338, -4.13301, -0.330081, 3.07828, 0.285309, -1.31622, -0.0942321, -0.407457, -0.290762, 1.46238, 0.35117, -1.86248)
(528.514, 765.16, 2327.12, 0.0259185, -0.0577277, 524.118, 765.147, 3.89746, 2.14384, 1.568, 0.892339, -2.20243, -1.90799, 0.614288, 0.7306, 0.257241, 0.423844, -0.909423, -0.905785, 0.585935, 0.510187, 0.211381, 0.215449, -0.609002, -0.636442, 0.264872, 0.358402)
(561.292, 873.65, 2605.8, -0.0817815, 0.040347, 570.114, 867.286, 0.390658, -1.70079, 0.225171, 0.07981, -0.00685475, -0.303812, 0.215999, -0.197611, 0.0914002, -0.00721761, -0.00608192, 0.046475, -0.236247, -0.00396563, 0.185037, 0.0773894, -0.020025, -0.182275, 0.0363701, 0.0954234)
(437.883, 880.534, 2388.69, 0.0541737, -0.130579, 434.846, 888.641, 0.0543663, 1.652, -0.0780383, 0.305129, -0.327116, -0.391825, -0.165524, 0.146246, -0.0954431, -0.0846931, 0.052845, 0.0617201, 0.0103066, -0.116952, -0.0137394, 0.120812, -0.117962, 0.0457764, -0.0570667, -0.0663045)
(396.715, 987.378, 2268.75, -0.0673915, -0.029825, 403.656, 987.984, 0.386739, -0.0184291, -0.129171, 0.382073, 0.400983, 0.176784, 0.285173, 0.103325, -0.221519, -0.0217618, 0.204428, 0.12574, -0.111461, -0.0455058, -0.142352, -0.0859337, 0.0306186, -0.0648899, -0.0332807, 0.0109151)
(273.876, 986.828, 2387.63, -0.0497357, -0.0476804, 279.438, 990.616, -0.20924, 0.197396, -0.113677, 0.144066, 0.219256, 0.116471, -0.0109099, -0.0191914, -0.00962421, -0.1456, 0.0737311, 0.136026, 0.0122195, -0.0347923, 0.120285, 0.0715237, 0.0556807, 0.0148754, 0.0544012, 0.0327158)
(308.021, 855.636, 2433, -0.0149321, -0.118521, 307.857, 864.171, -1.26123, 1.49812, -0.428022, 0.337298, -0.153433, -0.133816, -0.245101, 0.0567503, 0.261451, -0.151265, -0.0742137, -0.171412, 0.0540302, 0.0476138, -0.0330802, 0.0351037, -0.0913089, -0.0402116, -0.202722, -0.0429633)
(125.232, 991.967, 2360.01, -0.0876201, -0.0544866, 130.096, 996.452, 7.07455, 1.37681, 1.7812, -0.692605, 0.458538, -0.938769, 1.08232, -0.237824, 1.65832, 0.439268, 1.41465, 0.449168, 0.591828, 0.157608, -0.0572613, -0.222298, -0.118613, -0.254234, 0.184186, -0.00362887)
(38.2677, 870.012, 2369.31, -0.00917837, -0.196211, 33.0769, 881.904, 10.5383, 5.22872, 6.30635, 2.87164, 3.41349, 2.1061, 2.57932, 1.21465, 1.66951, 0.959604, 1.3438, 0.478092, 0.738092, 0.446712, 0.526513, 0.214108, 0.229421, 0.24902, 0.197673, 0.0190732)
(-1002.42, 593.116, 2263.08, 0.0155789, -0.125037, -1003.1, 602.38, -0.129466, 0.236874, 0.259613, -0.00533511, 0.0251166, 0.127786, 0.230216, -0.00223115, -0.0371947, -0.0862865, 0.0541329, -0.0201139, 0.0440803, 0.0607944, 0.0591935, -0.0578539, 0.0437658, -0.0101311, -0.0130439, 0.000695674)
(-1000.63, 461.973, 2228.61, 0.00331893, -0.151456, -1000, 474.301, 0.513344, 0.686185, 0.173472, -0.0992417, 0.0109162, 0.167797, -0.0973042, -0.108044, 0.219484, 0.039539, -0.0321148, -0.0352501, 0.0350308, -0.0610275, 0.0478648, 0.0691879, 0.0314497, 0.0533043, 0.0369113, -0.0398653)
(-1174.7, 387.429, 3009, -0.0235915, -0.0498826, -1171.55, 393.3, 1.37776, 0.0652012, 0.316975, 0.298726, 0.431805, 0.231885, -0.181128, 0.105555, 0.24353, 0.0448245, -0.18616, -0.174181, 0.0278568, 0.0123218, -0.0615865, -0.0209504, 0.284583, -0.0876574, 0.0633068, 0.0423459)
(-1019.22, 297.1, 2371.29, 0.00193053, -0.0847761, -1018.96, 304.531, 0.757529, 0.337681, -0.297684, 0.0898254, 0.0944098, -0.227571, 0.0699983, -0.1001, 0.0707742, 0.0261616, 0.0611737, -0.0236917, 0.00242159, 0.100961, -0.0322883, -0.0290003, 0.204049, 0.00915068, -0.0435836, -0.0539636)
(-1187.09, 135.164, 3009, -0.0207914, -0.072837, -1185.69, 142.086, 1.90245, 0.426911, -0.225114, -0.170561, 0.396992, 0.174385, -0.135664, -0.136334, 0.181579, -0.0162378, 0.187641, -0.131754, 0.381376, 0.147629, -0.171802, -0.0279085, -0.0339236, -0.117962, 0.0464161, 0.02342)
(-1003.82, 135.757, 2214.82, 0.0942857, -0.0159249, -1009.29, 137.318, -8.28124, 0.244753, -0.570237, 0.152171, 2.19746, -0.00977857, 2.29951, 0.0717676, 1.9321, 0.117701, 0.566744, -0.166104, -0.386073, 0.0590328, -1.07719, -0.153498, -1.06207, -0.066211, -0.626409, -0.110716)
(-1003.73, 16.393, 2225, 0.0197436, 0.0106036, -1005.06, 16.5417, 0.613318, 0.321599, -0.178848, 0.279053, 0.133712, 0.207925, 0.0194946, -0.0835042, 0.159658, 0.0995892, -0.0321602, 0.181832, 0.00544904, -0.055821, 0.0525072, -0.00557422, 0.0344209, -0.0183097, -0.03864, 0.00507566)
(-1209.45, -113.084, 3009, 0.0115135, -0.00592444, -1210.9, -113.286, 0.323496, -1.20595, -0.120693, 0.314153, 0.205192, 0.261648, -0.0883082, 0.0903215, 0.0754797, 0.146028, -0.0387595, -0.267695, 0.492951, -0.0357884, 0.155612, -0.000106618, 0.0902375, -0.0118165, -0.00244351, 0.0511519)
(-993.026, -109.07, 2362.36, 0.0372044, 0.20733, -995.151, -120.057, 1.75085, -13.516, 0.0151324, -2.35328, -0.302022, 1.49283, -0.570546, 3.81964, -0.295809, 3.35292, 0.0173807, 2.0978, -0.0497076, 0.458062, 0.0918592, -0.857402, 0.340261, -1.58148, 0.215759, -1.62687)
(-1000.2, -252.364, 2404.2, 0.0337743, 0.0274869, -1002.63, -254.114, 0.187123, 0.0108024, 0.172041, -0.000382899, -0.0355348, -0.0783956, -0.170012, 0.0545244, -0.258077, 0.0853519, -0.120008, -0.151415, 0.166925, 0.133967, 0.0573324, 0.05195, -0.0628059, -0.0383088, 0.0360614, 0.00625104)
(-1215.08, -415.722, 3009, -0.0122706, 0.0393726, -1213.02, -420.159, 1.9373, -1.23887, 0.704405, -0.170619, 0.167617, 0.206646, 0.155488, -0.0573025, 0.173688, -0.279671, -0.0076196, -0.177071, 0.162298, -0.0456364, 0.055962, 0.037966, 0.106257, 0.14879, -0.0218514, -0.0323009)
