(-301.441, 144.216, 3009, 0.00748005, 0.0571096, -87.6429, -123.357, 21.5603, 296.529, -49.9869, -5.69519, -2.59743, 27.4958, -4.44017, 17.2257, -39.2012, -33.4476, 2.82612, 17.0536, -2.91394, -32.5937, -13.2337, 18.5893, 17.7175, -11.4705, -6.65314, 20.4605)
(-462.679, 230.6, 3009, -0.0199902, -0.0603174, -248.739, 103.391, -172.855, 114.095, -88.7778, 20.7096, -23.5802, 1.81509, 23.2049, -15.0606, 8.39277, 5.02711, -32.661, 27.3926, -2.52519, 10.5792, 2.39532, 1.91942, 7.93555, -5.5101, -14.8664, 10.0024)
(-380.99, 358.6, 3009, -0.00882263, 0.0761047, -173.038, -51.8846, -206.557, 152.348, -71.4114, -51.571, -5.0383, -17.2506, 30.6479, 4.63728, 7.54653, -0.177017, -19.9325, 11.2564, 8.10233, 25.6532, 6.24787, -10.0561, 0.883362, -3.87404, -13.1916, 4.45067)
(-273.66, 329.613, 3009, -0.0934176, 0.0385269, 211.111, 178.778, -290.752, 37.2351, -55.6416, 109.66, -64.1259, 2.68238, 40.5654, 14.6707, 7.43132, -28.7629, 0.489879, 19.5162, 13.3746, -17.4298, 30.3851, 4.39169, 24.1995, -26.9456, 10.7825, 6.69813)
(-177.382, 399.072, 3009, -0.0571144, 0.0481383, 150.2, 171.8, -231.145, 16.5978, -89.5699, 144.351, -48.2631, -6.8385, 48.4192, 4.97277, 3.26173, -28.7237, 1.24397, 21.2901, 4.32396, -9.17769, 36.8204, -3.64096, 19.6305, -23.582, 8.71789, 8.41717)
(-121.93, 541.11, 3009, 0.0110746, 0.110913, -125, 93.3438, -21.5087, 211.477, 24.9567, -1.7532, 31.4021, 5.80584, -3.34455, 7.28907, 19.6232, 16.6669, -22.9142, -28.6792, -12.1196, 1.9623, -5.24015, -10.5002, 14.324, 13.4699, -1.37889, -5.41723)
(-92.7977, 383.646, 3009, -0.074848, 0.169073, 433.286, -111.857, -196.637, 95.5032, -45.6942, 130.467, -80.1418, -13.2664, 7.43063, 30.4613, -34.1282, -32.5457, 27.8984, 4.84881, 2.67093, -25.4221, 39.1567, 5.8262, 16.8929, -19.7288, 36.9041, 8.02017)
(28.5039, 406.703, 3009, 0.0242132, 0.213486, 347, -174.167, -251.482, 88.9991, -42.585, 115.854, -106.246, -27.4534, 55.2508, 57.1745, -35.2348, -38.8034, 43.8846, 14.0652, 19.4647, -22.0293, 30.1064, -3.2842, 19.8717, -21.218, 34.7183, 5.3206)
(144.04, 371.266, 3009, 0.0139023, 0.174323, 186.364, -159.364, -163.785, 208.045, -102.314, 64.4596, -27.7059, 15.7231, 27.634, 1.82489, -20.6103, -14.6203, 18.8011, 15.4032, 11.744, -23.1313, 20.3803, 10.522, 0.229713, -17.635, 22.2992, 10.205)
(206.694, 521.127, 3009, -0.0227541, 0.0432427, 155.704, 163.259, -2.40849, 225.778, -28.3064, 40.4089, -9.173, 32.5441, 11.1769, -27.1115, 3.87488, 3.37502, -1.91846, -8.99858, -1.67028, 11.5642, -7.60376, 0.510271, 3.2533, 4.77791, 3.89653, -12.4806)
(316.939, 363.789, 3009, -0.100288, -0.0401152, 308.75, 191.667, 95.6418, 90.8549, -36.9946, 41.032, -25.602, 6.25789, 3.43498, 3.67124, 21.2556, -8.79411, 0.688005, -8.11051, -7.1602, 4.32978, -17.0271, 10.325, 10.5192, -1.06971, 10.7085, -10.5263)
(336.856, 184.222, 3009, 0.0473974, 0.200418, 280.714, -451.286, -44.7009, -77.7633, -121.297, -85.0226, -82.0251, -50.7944, 45.7904, 52.0604, 37.9888, 28.6704, 13.3984, -4.53751, -30.2576, -43.9327, 8.10994, -7.45671, 24.148, 7.90542, 33.1121, 21.2618)
(442.679, 305.995, 3009, -0.073861, -0.0553307, 318.087, 258.522, 160.863, 109.036, 11.5335, 30.109, -4.59983, -0.842682, 1.41145, -14.2634, 0.306907, -18.8193, -0.966999, -21.1688, -6.38861, -6.00893, -17.236, 5.87268, 1.05366, -0.343133, 3.05937, -3.14278)
(485.667, 83.9957, 3009, -0.0933112, -0.0853191, 404.44, 87.56, 126.647, -101.295, -62.316, 1.27052, -26.184, 0.621423, 11.9798, 29.9348, 1.53506, -8.63923, -13.292, 2.38757, 12.9305, -5.51408, -0.0673904, 20.4344, 8.01978, -14.3933, 1.03483, -5.62131)
(-673.757, 75.1761, 3009, -0.00387428, -0.0621676, -407.923, 112.846, -158.508, 103.437, -18.8807, 7.65555, 3.36099, 15.1404, -3.62571, 12.9091, 6.51136, 22.07, 3.90393, 3.07702, -0.804838, -0.753933, -6.33703, 4.11313, -10.2559, 4.88947, -4.55305, 7.99208)
(-677.133, 205.554, 3009, 0.0411249, -0.119533, -503.37, 214.481, -133.586, 131.455, -12.7384, -4.98199, -3.01788, -4.86268, -9.07996, 41.2729, -0.857741, 40.2298, 3.47658, 7.40296, 2.72171, 5.79568, -2.8821, -0.257435, -13.5085, 17.915, -6.63567, 19.8351)
(-696.427, 315.088, 3009, 0.0984364, 0.0124721, -539.871, 155.484, -243.25, 46.4773, -20.412, -66.2596, 5.70634, 22.0566, 43.612, 4.3701, 31.3094, 17.3851, 9.3795, 8.73163, -0.212459, -7.9496, -21.6776, 6.73537, -15.953, -6.72624, -11.1125, 9.6747)
(-591.22, 343.685, 3009, 0.0644415, -0.150186, -435.52, 292.88, -77.3801, 165.897, -44.4072, 11.1183, 4.8608, 9.66688, -7.68139, 30.5501, 2.00303, 23.6561, -1.26102, 6.50628, -1.55303, 9.28375, 0.829796, 2.52501, -19.3116, 20.7615, -2.9116, 10.4065)
(-586.386, 462.138, 3009, -0.0323951, 0.0604314, -292.556, 172.185, -76.6963, 156.455, 23.2688, -67.8377, -42.8227, 51.2323, -0.700902, -25.9952, -11.0897, 15.7324, 3.40613, -1.26529, 8.16298, -3.79303, 3.95071, 2.24907, 7.05163, -2.20885, -0.894492, -0.949709)
(-476.893, 394.511, 3009, 0.0557232, -0.0555186, -456.538, 120.615, -25.3162, 352.096, -68.5632, 33.7929, -35.758, 24.4206, -22.0592, 46.4226, -0.493947, 56.0761, -3.25769, -2.14036, 13.4969, 42.4837, -13.9816, 5.8514, -9.92057, 27.8198, -9.87356, 28.218)
(-505.006, 552.856, 3009, -0.0477615, 0.0281975, -219.909, 218.03, -35.4284, 121.585, -11.2919, -27.4411, -47.1409, 36.12, -12.8735, -10.2455, -13.239, 14.4472, 2.31549, -5.94232, 2.00753, 4.83421, 2.9155, 1.11166, 5.00381, -0.911447, 3.73449, -2.49268)
(-427.685, 629.363, 3009, -0.0242194, 0.0514677, -230.185, 309, -9.67223, 133.23, -6.65878, 10.2417, -60.7553, 13.4125, 6.47293, 0.797585, -8.34873, -3.94096, 4.60404, -13.1145, 6.06193, 11.5702, -7.16648, 1.39975, 7.08158, 4.61838, 3.98741, -1.82174)
(-360.252, 716.302, 3009, -0.0272862, 0.0669241, -206.795, 282.692, -58.5143, 243.521, -26.7174, -31.9879, -26.0139, 37.1079, -0.967492, -16.5195, 3.06191, 4.64354, 10.4058, -11.7716, -1.61145, 5.0939, -1.5446, 8.48421, -1.9704, -2.12665, -1.0716, 7.75205)
(-447.927, 885.264, 3009, -0.12377, -0.0853059, -314.2, 753.95, -56.3646, 57.459, 1.8806, -0.955602, -7.83759, 2.69317, -2.1124, -0.852012, -1.41823, 9.61618, -1.43166, -2.14604, 0.926586, -1.22962, -1.17679, 2.81294, -1.22507, 2.39451, 1.21053, -1.36876)
(-278.812, 1009.89, 3009, -0.137683, -0.0909695, -67.9697, 960.697, -32.0299, 68.145, -5.03939, 8.24643, 2.33577, -0.137326, -2.69397, -2.91604, -3.07013, 11.8913, -3.49548, -2.47121, 4.23822, -5.18323, -1.43773, 6.25426, -2.92101, 2.72511, 4.21916, -3.57122)
(-257.478, 770.248, 3009, 0.0151088, 0.0834441, -259.316, 335.211, -70.8506, 202.616, -8.37034, -41.0507, -17.6143, 33.7315, 0.821065, -12.9876, 1.08101, 11.3693, 11.7371, -7.85413, 2.64002, 0.102898, 1.93111, 1.62999, -1.03354, -0.627942, -6.62136, 6.44388)
(-126.31, 818.524, 3009, 0.0686918, 0.107682, -242.562, 379.219, -1.20184, 223.664, -9.38106, -64.4252, 9.17323, 54.3961, -15.4547, -22.5878, 2.97479, 16.1039, 10.0982, -16.4678, -6.32006, 7.62839, 3.91451, 6.78765, -3.57252, -3.1453, -4.54315, -2.11116)
(-154.305, 693.784, 3009, 0.0421502, -0.00283083, -182.152, 354.939, -97.8713, 165.357, -7.25561, 77.4626, -31.2827, 35.0745, -22.6715, 42.6279, -16.9298, 36.4544, -1.56008, 13.7355, -3.93157, 15.573, -9.97526, 7.55608, 5.41769, 0.67089, 0.525653, 7.67402)
(-7.98804, 730.387, 3009, 0.0439123, -0.0335087, -33.8235, 584.265, -67.62, 107.326, -37.4422, 4.44986, 13.6879, 1.93848, -9.22185, 11.9963, 6.62591, 14.9003, 1.98464, 3.86213, 0.157912, 3.67175, -3.73172, 2.22304, -0.420916, -4.81758, -5.7192, -3.58526)
(109.578, 804.023, 3009, 0.185125, -0.0256617, -178.81, 699.524, 84.0357, 114.036, -52.2845, -6.13204, 40.5153, -0.280983, -31.8163, -2.27375, 16.3338, 4.735, -9.62256, -1.9684, 4.65118, -1.48303, -3.18609, 1.95882, 4.55154, 0.411914, -5.06275, 0.0125158)
(119.691, 703.092, 3009, 0.0183261, -0.0737062, 107.375, 632.875, -28.5965, 139.79, -16.6153, 1.98142, -5.27591, 6.31084, -3.42308, 7.15364, -2.86014, 9.05102, -1.31245, 5.12702, -3.44082, 2.43722, -1.21321, 1.01056, -1.22988, -0.670097, -1.16649, -2.32756)
(229.479, 723.667, 3009, 0.130088, -0.00919288, -52, 530.913, 14.1839, -11.8475, -33.243, -6.63571, -17.4433, 7.98681, -11.3669, 15.1629, -0.559234, 26.7498, 2.79112, 7.80009, -0.771503, 14.0877, -3.19431, -1.16832, -5.12659, -1.63045, -1.9876, -8.13056)
(296.152, 801.929, 3009, 0.140399, -0.0420664, -26.4643, 696.821, 95.8492, 109.383, -66.0019, -4.59059, 32.1718, 8.26198, -27.5073, -2.91406, 22.3596, 4.0298, -13.403, -2.82887, 6.12736, -4.59473, -3.58855, 1.37363, 2.69172, 0.346562, -7.05866, -2.58928)
(306.613, 652.142, 3009, 0.0668957, 0.0360335, 113.111, 365.556, 105.488, 137.732, -30.917, -9.04695, 21.2854, 26.5429, -4.26057, -10.8335, 2.68428, 12.8059, -1.78518, -8.54455, -6.71035, -0.435435, 0.15066, -4.39288, -9.75515, -8.85461, 1.37356, 1.46906)
(400.588, 742.798, 3009, 0.161939, -0.0489251, -7.05556, 654.889, 128.239, 110.111, -69.5727, -10.5349, 28.6568, -1.49282, -20.0081, -1.09722, 26.3041, 0.560067, -13.5749, -4.33133, 7.04098, -5.31872, -5.84716, 0.035772, 2.79644, 1.05085, -9.61099, -2.4366)
(407.186, 583.65, 3009, 0.0205966, -0.0510306, 330.636, 290.818, 93.9512, 312.821, -18.0718, 45.9205, 3.01028, 19.0539, 7.98022, -19.9167, -0.142094, -25.2987, -0.58134, -30.5384, -2.49129, -26.5716, -4.72181, -12.1585, -4.43649, -8.06457, -3.43052, 6.07065)
(343.92, 476.249, 3009, -0.0691268, 0.0573803, 333.933, 97.2, 54.2933, 171.277, -17.1497, 27.4865, -4.6412, 15.8558, -9.30403, 2.707, -9.7756, -12.3876, 2.6644, -12.6121, -7.44466, -14.7352, 2.92833, 5.65718, -0.973184, -9.32992, 16.0119, 0.730101)
(476.96, 462.593, 3009, -0.0284091, -0.078125, 322.818, 117.045, 173.332, 369.215, -50.4014, -14.8214, 21.0977, 13.5956, 13.8811, -3.43625, -5.50695, -26.255, -16.9986, -50.2873, -6.40871, -36.9624, -0.314415, 0.729706, -11.9938, -1.07395, -3.95773, 7.7718)
(567.882, 484.731, 3009, 0.0964927, 0.0109984, 264.417, 290.5, 72.134, 128.637, -43.4098, 14.8463, 9.97126, -16.9684, 17.637, -11.183, -11.2377, 5.2774, -3.13433, 4.51311, 10.7004, -8.38258, -3.75927, -2.36382, -5.21869, 7.7507, -0.275273, 3.28402)
(602.098, 395.884, 3009, 0.0358403, -0.0605565, 339, 165.808, 95.5557, 323.14, -44.3211, 36.5799, 16.1364, 3.84087, 21.1427, -17.7403, -3.71682, -25.2994, -4.75482, -34.9072, 4.35864, -32.2384, -2.69071, -7.33268, -8.94588, 1.98755, -4.60864, 7.97169)
(585.203, 263.712, 3009, -0.0853493, -0.105475, 320.423, 196.654, 227.238, 185.649, -19.8835, -52.6876, 13.886, -3.84882, 1.83718, 9.57048, -20.9421, -21.5939, -27.9641, -45.4666, -8.17894, -25.2101, 2.77779, 5.11612, -7.30355, 3.99835, -2.36044, 5.2503)
(703.9, 268.175, 3009, -0.0148043, -0.03686, 461.156, 112.906, 42.456, 130.397, -17.6405, 23.732, 22.3257, 1.91949, 27.6333, -1.76067, 4.07698, -3.80466, -6.24528, -17.6483, -1.45899, -22.4008, -15.556, -8.52058, -6.65328, -0.353, -5.50843, 3.13034)
(628.031, 135.058, 3009, -0.131686, -0.0148862, 454.889, -21.037, 218.152, 195.197, -23.312, -11.7331, 48.5483, 12.8283, 17.2753, -35.7075, -19.3977, -47.5195, -12.6644, -56.5168, -3.74162, -17.3667, -0.521593, 8.0986, -16.6241, 0.632272, -15.737, 16.0557)
(397.016, -132.961, 3009, -0.122451, 0.110896, 211.242, -220.333, 283.407, -171.075, -24.5471, 37.5376, -14.6661, -51.3665, -25.7349, 14.7343, -6.48164, -3.90738, 7.5669, 2.95029, 21.0821, -17.707, -4.324, 9.47876, 0.351357, -3.85854, 0.267811, -3.61565)
(255.235, -272.263, 3009, -0.0638032, 0.138045, 15.36, -335.32, 201.935, -23.2664, 6.93403, 37.9984, 28.0096, -8.27654, -2.04744, 39.1352, 16.1311, -3.77302, 8.94254, 14.1013, 24.0608, -7.54872, 16.9754, -0.434947, -4.28745, -0.105004, 3.14267, -7.72743)
(224.596, -435.674, 3009, -0.0992046, 0.0310037, 326.63, -159.333, 140.63, -255.042, 27.241, 22.4379, 3.61323, -27.6593, -10.3441, 9.65841, -2.00077, -1.21996, 5.01987, -15.2845, 23.1227, -12.1297, 10.269, -7.98195, 18.2129, -16.4077, 0.00219949, 3.38796)
(102.608, -424.36, 3009, 0.0190824, 0.145625, -73.44, -375.24, 140.686, -258.858, 29.4805, 33.1328, 26.8509, -45.6885, -2.01949, 35.3852, -1.80784, -3.73196, 1.08696, 3.12889, 20.5728, -16.6007, 1.00498, -0.67283, 1.5758, -6.5876, -1.06741, -11.8764)
(47.0981, -211.628, 3009, -0.0254945, 0.16587, 29.3125, -407.062, 294.28, 159.363, 28.8687, 113.411, 50.3806, -0.17516, 93.5904, 4.61226, 24.3404, 43.1657, 6.01712, 7.91804, -6.06419, -2.56897, 28.1564, 12.7422, 15.5132, 7.64425, -21.2699, -7.15555)
(-34.4382, -449.956, 3009, 0.000110816, 0.0803783, -25.3704, -306.741, 53.8743, -209.539, 36.0759, -11.3047, 1.4453, 3.49143, 11.0597, 38.2557, 5.68688, 0.16582, 14.9287, -4.21936, 16.4967, 3.38015, -3.28461, -2.68088, 4.26431, -1.58067, -1.68812, -22.1672)
(-143.027, -524.139, 3009, -0.0611702, 0.0337561, -3.65385, -264.731, 41.3697, -238.997, 25.3186, -69.1319, 33.2515, -4.05831, -8.12067, -10.1764, 10.6843, 10.8421, 24.3468, 8.69987, -0.267949, -21.1418, 9.76499, -4.52063, 13.2554, -5.41134, -2.20578, -17.3275)
(-231.723, -434.967, 3009, 0.0539355, 0.0637506, -325.429, -201.524, -7.95876, -254.569, 28.7627, -84.7443, 5.93634, 1.88132, 8.66983, 10.6561, 15.4507, 16.6704, 17.0588, 28.4263, 6.53658, 5.55594, 0.369661, -2.30711, 5.17581, -13.7618, 2.00891, -20.7375)
(-123.837, -330.118, 3009, 0.0201619, 0.156778, -251.412, -479.059, 157.804, 75.4667, 71.9796, 110.733, 75.8295, -27.6115, 65.6361, 31.777, -6.0631, 37.4322, 26.7776, 15.0934, 19.5966, 7.88573, -2.10275, 0.993381, 5.79581, 20.4102, 1.22, -10.8017)
(-262.751, -313.643, 3009, 0.0021055, -0.0370567, -243.267, -88.2667, -175.087, -30.8422, 31.127, 28.3047, 3.09116, 2.31841, 22.8598, 41.4786, 10.7295, 10.723, 16.9666, 15.2314, 7.08771, 17.7115, -10.0421, -3.20653, 5.97444, 14.1915, -6.14224, -10.589)
(-211.23, -150.402, 3009, -0.0256375, 0.188439, -44.6471, -480.412, 199.524, 332.954, 57.9923, 90.759, 42.6238, 12.3256, 25.5484, 33.8052, -19.6174, -7.72333, 12.8363, 7.55746, -8.00482, -20.8339, -7.71397, 20.0963, 13.0052, -4.90445, -10.9791, 0.0370127)
(-370.521, -263.046, 3009, -0.00671543, -0.0490359, -282.35, -48.8, -235.559, -35.9847, -10.9126, -18.4438, -10.0474, 22.2103, 10.5948, 18.5775, 10.6431, 14.1991, 7.17793, 26.8063, 3.86958, 8.36195, -20.1783, 13.2985, -1.16396, 0.560244, -9.44414, -9.76636)
(-437.671, -100.074, 3009, 0.099769, -0.0333147, -299.632, -35.9474, -188.485, -17.7117, -26.9181, -37.1583, -29.827, 38.9499, 34.6083, 36.9999, -2.38372, 19.7812, 6.12302, 38.4776, 22.5656, 2.58212, -18.6265, 5.72426, 0.374593, 8.83356, -11.9621, -18.1222)
(-566.486, -50.8548, 3009, -0.0431925, -0.0247161, -161.615, 112.692, -168.974, -55.2405, -53.0293, -32.4749, 9.05461, -6.10744, 3.43537, 4.54623, 3.90964, -10.8252, 4.14447, 6.51545, 16.9513, 7.84671, -4.09168, -1.82199, -13.637, 3.92254, -0.224373, 7.2319)
(-473.572, 55.4573, 3009, 0.0731383, -0.072008, -277.767, 28.2, -120.794, 112.293, -78.2596, -8.02548, -42.4557, 5.42666, 35.4802, 21.1083, -3.68457, 17.7132, -17.9433, 25.8706, 17.2695, 11.4412, -9.25225, 3.16241, 0.723396, -0.32756, -13.1143, 4.30532)
(-556.159, 155.038, 3009, -0.00441131, 0.0599427, -282.308, 9.42308, -141.838, 44.4367, -43.9562, -60.7934, -9.49146, -4.39754, 21.705, 8.98966, 6.58148, -19.3152, -3.59898, -4.26127, 7.19803, 12.6137, 13.5533, -2.24383, -5.54234, 7.70723, -8.26136, 2.37654)
(48.9436, 538.198, 3009, -0.0230635, 0.0853661, 53.625, 61.75, -42.1009, 297.198, 11.1042, 35.0174, -9.49056, 4.32083, -14.7562, 16.6965, 7.98074, 11.4323, -0.699321, -17.1232, -2.28568, 24.309, -2.53897, -3.45656, 2.71315, 10.5046, -9.73039, -6.88304)
(636.523, 756.384, 3009, 0.0122305, 0.0639873, 424.526, 498.842, 195.197, 96.225, 26.5445, 10.1343, -54.2327, 3.67449, 29.5736, 11.8438, -5.307, -25.7412, 1.33778, 3.29443, 20.947, 16.545, -5.52237, -6.83101, 11.5122, 3.7928, -1.60843, -3.68279)
(729.758, 774.513, 3009, -0.0489647, -0.0700275, 596.857, 588.5, 56.9473, 299.679, 33.3873, 135.93, -43.927, 68.7428, 26.1955, 69.0734, -0.654782, 20.676, 3.16865, 30.1842, 8.87343, 10.4076, 11.9039, -1.88297, 7.55407, -5.25079, 7.76356, -5.10969)
(764.367, 675.856, 3009, -0.0302829, 0.0874637, 427.273, 490.364, 286.74, 64.9173, 69.1654, 4.6996, -55.9574, 1.32788, 51.5032, 23.2933, 2.08309, -21.5581, 2.53229, 11.9851, 28.9118, 23.3273, -0.591546, -9.47977, 19.6841, 3.97319, 3.74542, -3.36837)
(773.16, 569.417, 3009, 0.017311, 0.0133929, 507.214, 419.786, 149.372, 145.725, -15.2328, -38.3955, -28.6361, 11.4338, 14.7678, 2.32479, -22.8732, -32.5409, -3.27825, 7.40019, 9.92192, 2.73689, -8.71646, -14.7056, 12.7283, 16.6867, 0.74968, 3.98122)
(854.831, 603.137, 3009, 0.0297207, -0.000221631, 521.867, 514.6, 218.652, 71.0519, 61.5127, -6.01366, -48.9131, 32.4173, 5.86149, 38.1597, 4.50823, 16.7912, -14.9845, 32.6263, 5.92201, 20.7887, 10.5568, -4.65479, 5.72235, 0.590028, -1.50921, -6.24849)
(893.927, 490.681, 3009, 0.154137, 0.127588, 363.5, 168.786, 66.0596, 18.6588, -11.129, -8.26832, -29.563, 8.58944, 48.8703, 26.2564, 8.19178, -12.4443, 8.98142, -2.1302, 9.40402, 5.50141, -27.1487, -7.38178, -2.31032, 4.5593, -3.04853, -3.96441)
(985.868, 524.381, 3009, 0.093222, 0.0186366, 615.059, 400.765, 106.362, -30.9057, 19.6218, -27.3489, -25.907, 3.22628, 15.9645, 23.0842, 4.89558, 7.58422, -3.43445, 15.8799, 7.28037, 13.0171, -0.991546, -4.00277, 0.678829, -0.800063, -3.48106, -4.09321)
(1042.39, 418.763, 3009, 0.07822, -0.0876235, 738.786, 529.5, 88.4169, 8.13968, -1.9887, -12.7473, 2.52165, 0.933821, 5.10994, 8.49442, 1.75768, 4.67817, -4.26021, 3.08449, -0.644836, 1.1624, 1.60938, 0.738093, 2.3758, 0.718152, -0.584714, -1.40604)
(1050.47, 341.61, 3009, 0.0324008, -0.060582, 820, 375, 88.1417, 0.316827, -27.6695, -2.31205, -9.24288, 11.7142, 6.68055, 6.16696, 3.27476, -2.8018, -9.23121, 2.21991, -4.48888, 7.37259, 4.06183, 3.48112, 6.45893, -0.500293, -0.49012, -5.82942)
(979.1, 308.725, 3009, 0.0313539, 0.0893035, 598.875, 25.75, 195.039, 48.4498, -13.5036, 7.88822, -50.1191, 8.36337, 7.92643, 5.24, -9.59965, -29.0273, -0.533056, -12.7583, 1.99022, 3.27443, -20.2027, 3.55875, 6.88927, 14.4833, 10.4349, 2.06948)
(1040.49, 263.399, 3009, -0.0056516, -0.0658245, 911.1, 260.1, 80.597, -12.0219, -15.1903, 5.3958, 2.78048, 11.4589, 12.3143, -1.62692, 7.06432, -6.71546, -3.95486, -2.61206, -3.5381, 5.46352, 0.179501, 2.65797, 3.76039, -1.88143, -1.53776, -4.54371)
(1008.38, 203.082, 3009, -0.0594568, -0.0536518, 929.538, 193, 113.916, 16.7079, 0.241897, 11.5072, -2.20839, 4.59739, 3.77157, -9.34482, -3.49699, -13.9239, -8.62669, -7.88849, -5.78808, 2.2977, 1.70584, 2.69594, 5.90514, 2.48098, 2.59469, -0.594012)
(989.44, 133.873, 3009, -0.0651898, 0.102061, 904.545, 10.2727, 113.463, 63.9553, -0.0719756, -5.43595, -1.34714, -4.97073, 2.73944, -7.22796, -5.43552, -10.7974, -10.0497, -8.01479, -5.56557, -3.65822, 3.63041, 1.06532, 5.92368, 5.36442, 1.62341, 3.22372)
(1026.08, 79.3525, 3009, -0.0440123, -0.0523788, 959.611, 112.278, 124.169, 17.4322, 4.43933, 6.33386, 3.044, 5.27174, -1.71459, -7.81367, -1.83475, -8.16646, -3.90495, -4.82964, -1.68785, 1.74693, 0.0455837, 1.22998, 2.44407, 0.713641, 1.73682, 0.978265)
(1024.47, 9.60125, 3009, -0.0639849, -0.0147606, 968.8, 91, 137.329, -14.502, 4.92354, 21.8978, -3.52199, 13.5591, -1.49747, -11.0871, -1.93348, -16.7289, -4.68296, -6.1007, -3.37476, 6.52481, -0.489047, 3.82039, 3.89881, -0.867462, 3.47226, -1.79092)
(1015.41, -58.7877, 3009, -0.0234583, 0.0314993, 941.688, -36.5, 100.936, -14.8237, 6.21934, 5.2446, 6.37137, 8.90115, 4.11696, -1.90775, 2.35052, -3.09738, -0.111191, -0.329917, -0.674985, 3.51736, -0.926123, 1.1974, 0.699573, -1.73186, -0.844692, -2.20818)
(992.224, -125.584, 3009, 0.0196926, 0.0463861, 842.882, -169, 109.444, 5.64593, 10.0778, -5.65408, 4.26758, 0.792954, 1.97441, -1.28492, 1.1665, 2.63351, -0.484918, -0.360741, 0.288652, 0.604277, 0.729881, -0.756033, -0.857342, -0.216819, -1.2743, -0.491497)
(1032.24, -197.746, 3009, -0.0456821, 0.014217, 922.118, -99.2941, 131.755, 43.5084, -26.2165, 5.57022, 3.22981, -6.49613, 13.7689, -1.49599, 2.50428, 1.61641, -8.80099, 0.430481, -6.9306, 0.416534, 10.1805, -1.71602, 4.75686, 1.817, -3.30005, 0.627846)
(976.749, -251.472, 3009, 0.0733461, -0.00563082, 668.875, -127, 143.082, -11.0929, 11.338, -12.9025, -13.8924, -0.305698, 20.4843, -5.5472, -4.1355, 2.62604, -4.33567, 0.850431, 10.211, -1.02899, -6.69149, -0.620625, -0.120118, -0.430465, 2.62637, -0.00715628)
(1043.81, -306.516, 3009, 0.0493596, -0.0770752, 690.895, -13.8947, 232.473, -98.1512, -62.4113, 77.0711, 26.3484, -47.9943, -9.74409, 26.7526, 12.347, -21.2782, -16.9311, 15.9792, 0.279217, -11.8177, 5.54715, 7.72473, 7.48444, -3.86269, -2.57042, 5.37558)
(976.043, -369.216, 3009, 0.0734973, -0.0329255, 648.72, -260.28, 94.0811, -51.1537, 2.21724, -2.3634, 11.2465, -5.23227, 6.23384, -8.48657, -0.242361, 8.71913, 1.85888, -5.18165, -0.134968, 0.931277, 2.10942, -1.25643, -1.96692, -1.60667, -0.645216, 4.92095)
(1020.77, -440.52, 3009, 0.112438, -0.0246486, 540.571, -342.786, 195.293, -136.874, -49.1621, 67.7463, 27.3112, -47.2755, -6.39529, 24.4085, 14.4172, -19.7023, -11.8616, 14.6867, 2.31304, -11.7919, 1.56239, 6.38999, 5.13651, -5.68075, -2.57791, 4.33481)
(929.399, -470.513, 3009, 0.0400806, -0.0771069, 705, -231.312, 87.3396, -80.9355, 3.37103, -8.99026, 12.8119, -6.26321, 4.10763, -3.57061, -3.14981, 11.2658, 0.509443, -2.74531, -1.38777, 0.686438, 3.72747, -3.75232, -0.956244, -2.28576, 0.69384, 2.91641)
(900.201, -533.325, 3009, 0.0876205, 0.0195728, 543.688, -544.625, 133.014, -117.99, -16.6965, 34.1708, 14.4821, -18.2923, -6.20797, 9.28416, 4.6919, -3.64741, -1.5127, 1.90891, 1.86494, -3.95925, 1.10364, 2.43127, -0.314307, -3.97924, 0.204141, 4.28067)
(889.773, -628.191, 3009, 0.125554, 0.00587323, 435.083, -438.583, 244.713, -247.145, -15.7009, 41.033, 25.9255, -38.2081, -24.951, 32.6469, 13.1273, -25.6893, -18.2479, 29.2958, -0.443131, -5.00918, -3.69127, 8.16677, -2.34629, -1.86863, -2.8929, 8.99835)
(797.121, -704.798, 3009, 0.0610871, 0.015902, 460.5, -470.5, 276.553, -292.575, -31.6853, 52.9743, 36.7073, -53.9318, -27.9865, 41.274, 1.24659, -11.2212, -18.8894, 30.402, -8.15711, 0.508513, -8.80319, 17.42, -6.97298, 1.14648, 1.27632, 7.1185)
(686.459, -688.901, 3009, 0.0457352, 0.0743414, 453.238, -603.286, 151.87, -77.6602, -10.7326, 43.6517, 8.62206, -23.694, -11.2207, -7.27716, 8.91288, 24.3623, 3.34676, -13.6415, -12.2988, 0.555432, 14.8665, -0.56893, -8.24932, 5.94385, 3.35996, -8.12642)
(754.232, -823.208, 3009, 0.00156725, 0.0130842, 630.571, -670.429, 150.992, -168.061, -15.551, 22.9373, 16.2383, -22.196, -13.0534, 16.5026, 0.707347, -5.75085, -8.13608, 11.2366, -3.44275, -0.518442, -3.27297, 6.35468, -2.76661, 0.431967, 1.17704, 3.01564)
(633.283, -811.745, 3009, -0.0323969, 0.0337434, 529.2, -650.55, 146.905, -143.929, 0.0243823, 9.66604, 7.94523, -17.4606, -10.3121, 0.995658, -1.81631, 18.4953, -5.15546, 1.45922, -15.3809, 8.51839, 3.92773, 4.76572, -9.91319, 6.79654, 1.88567, -3.01862)
(771.619, -1040.01, 3009, 0.125926, -0.115763, 468, -570.143, 29.6909, 187.153, 2.91441, 42.4407, 30.9454, -46.9591, 16.8342, -31.4403, 2.24072, -14.3814, -7.57733, -5.70341, -2.62111, -1.96662, 5.30047, -20.1732, 9.96696, -11.9082, 6.71576, -13.1637)
(576.559, -962.834, 3009, -0.0461468, 0.0420149, 615.238, -831.762, 87.2708, -135.177, 17.4992, -19.4431, 1.42783, -3.0406, -3.92008, 5.90257, -4.25123, 5.01339, -9.06557, 8.09208, -8.45417, 7.78918, -7.03756, 5.49805, -5.25539, 3.20667, -2.74727, 2.54563)
(609.358, -1197.54, 3009, -0.0558695, 0.0241763, 509.333, -1073.89, 75.8923, -79.8486, 17.0599, 3.34518, 17.1116, -22.447, 3.12851, -2.95475, -1.42692, 5.52357, -10.1113, 5.6089, -7.53183, 7.78328, -6.46207, 1.50669, -3.22194, 0.40217, -4.07899, -1.50377)
(403.981, -1073.53, 3009, -0.0265318, 0.00961538, 471.385, -852.654, 18.5585, -95.7973, -0.985397, -33.4783, -7.02865, -2.15455, -9.76362, 7.28674, -5.77397, -0.676687, -11.5944, 11.9571, -7.71725, 0.933, -8.05195, 8.33271, -4.6288, 0.470269, -3.22747, 3.04644)
(383.368, -1269.43, 3009, -0.00320883, 0.0227509, 248.087, -1191.96, 51.7896, -91.436, 6.13507, 4.98679, 6.23565, -10.5647, 0.604335, 0.785311, 0.554837, 3.38576, -5.76722, -0.694883, -3.51149, 2.1337, -5.24426, 2.74755, -3.71627, 1.53822, -4.76295, 2.7114)
(141.74, -1243.44, 3009, -0.0472992, -0.0267218, 213.034, -1134.52, 2.51372, -82.8081, 22.7441, 4.8327, 1.02167, -9.488, -3.35943, 3.64215, 5.35379, 3.38221, -13.2707, -1.79091, 0.524495, 3.88157, -8.99139, 2.17961, -2.89576, 2.19432, -4.07934, 3.66256)
(78.6995, -987.689, 3009, 0.057818, -0.024324, -51.6875, -700.792, -14.9594, -77.5577, 12.8246, -66.3493, 6.7407, 1.54558, -9.89246, 7.73653, -4.81003, 12.3117, 7.57487, -6.49865, 4.33235, -22.6753, -3.24132, 16.7636, -0.514128, 17.4115, 0.473282, -18.3161)
(-502.212, -239.933, 3009, -0.0164746, 0.00380467, -173.111, -101.815, -84.7329, -181.926, -18.068, 1.82771, -11.8812, 38.8514, -7.87147, -7.94212, -4.29832, -2.40583, 0.15857, 16.9339, 2.38823, 0.391259, -20.8014, 12.0921, -8.0345, 9.82386, 11.2934, 2.28243)
(-635.648, -176.213, 3009, -0.0674565, -0.0643335, -255.818, 66.6061, -104.845, -103.314, -19.4363, -9.67175, 10.3302, -25.696, -5.59031, 6.05227, -6.94322, 16.2573, -3.59958, 7.06435, -1.65419, 13.7805, -0.671408, 2.55815, -4.84521, 3.94262, 6.28433, 0.438576)
(-631.73, -331.223, 3009, 0.0196043, 0.0434397, -512, -209.879, -59.6651, -91.1745, 10.9969, 5.92298, -26.3459, -18.6657, -2.07252, 21.1855, 3.81534, 24.5906, -5.37511, -0.887633, -5.42929, 8.70611, 3.21525, 4.50324, 0.118185, -0.972168, -2.78746, -0.825491)
(-394.965, -401.722, 3009, 0.0815031, 0.0513148, -385.355, -252.968, 6.76158, -125.756, 8.91796, 8.9047, -20.9099, 34.8281, 11.9138, -3.40849, 11.4401, 0.289007, 11.8649, 6.90608, -5.22783, 8.90636, -9.84706, 2.55014, -5.69692, 13.6513, 6.73525, -6.21012)
(-532.671, -450.321, 3009, 0.0175754, 0.0656472, -460.2, -258.733, 38.9465, -277.052, -4.62049, 5.91644, -19.5677, 30.3537, -20.3556, 47.0407, -8.23111, 51.7868, -6.33214, 4.68129, -0.81138, -3.81347, 6.60442, -11.9374, 2.68452, -19.7488, 0.968459, -5.34018)
(-487.366, -601.983, 3009, -0.0109903, -0.0222837, -356.147, -256.206, 8.53091, -69.2449, -39.2513, 68.3509, 8.34392, 13.1364, -6.48136, 12.2564, -11.9891, 30.1315, -0.52622, -3.94714, 7.51404, -16.2581, 0.523047, -12.1072, -7.64619, -10.9167, -0.368037, -6.61361)
(-306.839, -572.374, 3009, 0.120087, 0.0221631, -397.417, -292.611, 44.5363, -275.796, -9.91397, 1.41947, 2.83329, 12.9978, -5.74873, 27.2142, 2.65458, 14.8972, 1.37487, 18.6344, -5.03952, 9.02097, -2.3125, 4.20602, 0.743917, -0.0431525, 3.5592, -11.6325)
(-396.211, -703.549, 3009, -0.00556611, -0.0146277, -304.286, -342.486, 25.7713, -133.916, -51.2383, 39.4209, -10.9067, 15.0162, 0.228421, 1.24092, -0.109712, 28.6161, 4.62703, -23.1721, 4.27252, -16.8484, -4.92273, 8.25844, -3.46223, 2.1747, 6.49977, 7.76898)
(-265.139, -793.501, 3009, -0.0377009, -0.00908924, -231, -434.043, 38.2479, -163.06, -14.3665, -6.12436, -15.665, 10.3885, -5.74112, 10.0993, 9.07883, 23.7915, 1.02424, -24.3088, -6.34996, -8.05288, -3.06716, 7.2343, 2.35275, 2.50543, 4.94686, 10.6727)
(-113.211, -802.732, 3009, -0.0256415, 0.0137411, -133.981, -461.611, 45.8465, -249.811, 0.81413, -25.7147, -12.1947, 9.11872, -7.64354, 7.66351, 3.34473, 12.5394, 0.482661, -20.0362, -4.43383, -16.5102, -4.18425, 3.56994, 0.627055, 1.21974, 5.43592, -1.18094)
(-198.387, -674.124, 3009, 0.00680641, 0.0303926, -225.684, -466.026, 56.853, -223.695, -1.07032, -9.06417, 3.9056, -10.3512, -7.95911, 18.2339, -9.85054, 17.2086, -6.24291, 12.597, -1.0818, 6.92368, 1.4512, -4.02091, -3.70715, -3.25239, 0.990733, -8.32686)
(-50.6454, -663.098, 3009, 0.0643285, -0.0144419, -253.294, -421.324, 56.8114, -135.604, -17.8141, -38.5503, 8.98002, -25.5715, -3.53026, 9.63562, -3.46353, 12.3185, 2.84098, 5.06788, -2.18726, -0.515361, 1.74273, -0.078528, -7.06469, 4.79396, -3.53019, -4.60718)
(-103.174, -995.621, 3009, 0.0431954, -0.00139023, -194.205, -796.364, -39.8192, -100.953, 30.9526, -30.4253, -0.282892, -17.0325, -6.91811, 3.21234, 3.46559, 6.35719, 3.44055, -11.8222, 0.555959, -14.9475, 0.210582, 6.79482, -0.938193, 4.54316, -0.21428, -10.4502)
(72.8473, -790.965, 3009, -0.034914, -0.00248981, 62.7872, -434.17, 37.1952, -295.642, -9.26623, -8.71249, 0.174009, -16.4953, -13.6372, -6.79834, -0.743281, -1.51482, -0.0392804, -20.0277, -4.75069, -4.06219, -2.56801, 0.958546, -4.30373, -4.32538, 4.57493, -6.14365)
(89.5532, -616.707, 3009, -0.0108099, -0.03599, -51.0968, -336.29, -20.6094, -169.066, -4.51221, -3.85599, 26.8901, 4.91318, -13.5619, -5.93358, -0.414459, 2.81287, 11.2482, 2.33723, -8.14244, -6.85042, -2.0237, 1.3216, -0.428065, 9.31746, -7.04825, -1.89923)
(213.485, -687.314, 3009, 0.0428742, 0.0241425, 213.172, -400.103, -1.70036, -162.624, 24.673, 11.2304, -23.7177, -21.387, -4.9147, 8.2775, -2.28146, -7.36974, 16.9722, -7.11509, -6.08846, 7.2606, -3.09246, 12.9335, -6.00352, -3.01481, 9.86264, -5.00858)
(294.055, -602.84, 3009, 0.0321365, 0.0197363, 229.2, -255.8, 108.515, -280.127, 14.5511, 57.116, -22.2335, 3.79212, 1.69979, -13.5727, -15.8862, 6.79808, 7.70628, -7.12759, -23.4013, 5.84708, -3.87943, 6.14503, -6.95268, -1.4962, 6.76725, 1.04414)
(411.672, -526.867, 3009, 0.0262029, 0.0378687, 350.485, -288.303, 96.2711, -227.28, -2.52896, 61.9384, -35.965, -8.98298, 11.4044, -11.6753, -13.1617, 5.48208, 18.8085, -4.96077, -14.8677, 4.49786, -1.44703, 5.93507, -9.88042, -6.2256, 7.47158, 4.273)
(422.893, -357.983, 3009, -0.0969637, -0.0111924, 560.952, -271.381, 102.958, -79.3695, 39.6412, -63.7479, 2.06762, -17.4536, -11.017, 5.05158, 12.5417, -6.71106, -14.3936, 12.7154, -10.0291, -3.21416, -16.6992, 5.62725, -2.16225, -2.92084, 6.54389, 10.061)
(526.922, -422.227, 3009, -0.0206621, 0.0347558, 402.273, -271.788, 170.404, -168.621, -11.807, 43.372, -36.6095, -10.9602, 0.856375, -13.0102, -13.9415, 7.615, 16.2294, -1.395, -14.9318, 5.79029, -7.46064, 4.013, -10.4121, -5.75325, 5.85848, -0.28702)
(557.845, -233.294, 3009, -0.138271, 0.076742, 491.28, -201.36, 264.82, -81.8416, 13.5338, -61.3142, 23.1514, 13.2933, 9.00401, -30.3809, -20.1802, -3.21626, -9.2098, -3.4111, -21.2404, 13.4456, -12.9363, 10.571, -9.04274, 3.12704, -7.98193, 7.82354)
(791.486, -586.58, 3009, 0.043813, 0.0431656, 430.789, -565.842, 153.221, -89.8761, -8.60163, 42.8182, 8.06572, -22.7537, -12.2955, -8.4845, 11.8715, 23.4607, 2.69071, -13.5896, -14.1183, 1.3695, 17.394, -2.07136, -9.19527, 6.80624, 2.98807, -7.9167)
(947.021, -853.701, 3009, 0.0957922, 0.0262158, 701.643, -784, 55.5177, -133.541, -27.0677, -42.9443, 17.0251, 51.2886, -0.212969, -10.9037, -7.48505, -23.966, 5.63101, 23.3064, 0.851195, 0.664025, -4.20916, -21.6195, 3.34417, 13.8374, 1.2345, 3.61845)
(1060.9, -760.549, 3009, 0.130859, -0.0326629, 760.125, -521.625, 80.0509, -155.767, -38.7728, -79.9621, 25.4166, 89.337, 0.55474, -16.5761, -14.0639, -44.7251, 9.46871, 42.7899, 0.679421, 0.913267, -7.36919, -36.5747, 5.54524, 24.2261, 1.66408, 6.43448)
(1116.33, -672.692, 3009, 0.00835273, -0.129696, 922.5, -313.625, 174.283, -74.1772, -46.1882, -81.6473, 6.65523, 70.7952, -17.7941, -32.8089, -21.6435, -52.1353, 15.5863, 46.6688, 9.67479, 8.89284, 0.0712937, -28.8832, 7.01241, 25.9402, -3.04328, 2.34255)
(1125.93, -550.362, 3009, 0.0170757, -0.0356927, 793.727, -516.364, 221.756, 43.1405, 25.144, -24.8487, -36.8744, -7.19386, -26.4668, -27.8919, -0.0658547, -24.5679, 1.84974, 14.8696, 11.7205, 17.4868, 19.4506, -0.949416, 0.241158, 5.03498, -11.1445, -1.88786)
(1294.51, -621.554, 3009, 0.112766, -0.00518617, 820.4, -434.4, 106.874, -195.702, -115.241, -147.24, 6.80035, 131.855, 12.0223, -21.0228, 6.80226, -63.6776, 20.0892, 70.3477, -14.3443, -2.13971, -27.856, -60.0655, 11.5901, 39.0583, 15.075, 15.4031)
(1367.81, -463.228, 3009, -0.140245, 0.145754, 1254.43, -416, 154.303, -49.3065, -175.402, -87.8508, -71.9499, 14.082, 34.4542, -5.02511, 71.3664, -1.91545, 22.6614, 28.9033, -41.845, -12.9018, -44.403, -31.6967, 13.439, 16.7243, 35.3589, 17.0474)
(1201.12, -417.434, 3009, -0.0542144, -0.0838789, 921.538, -463.308, 243.392, 82.5777, 9.52186, -10.2546, -37.3909, -23.7195, -32.9035, -33.9883, -7.48172, -21.0531, 6.86264, 12.9037, 16.5573, 18.8221, 19.6362, 5.57648, 1.87818, 4.82515, -11.6875, -5.74183)
(1385.95, -247.171, 3009, -0.147606, 0.243517, 1332.5, -553, 127.617, 19.2379, -137.771, -32.6057, -73.0704, -33.5727, 30.0097, 3.69155, 69.9, 18.5889, 14.9313, 3.46497, -36.7577, -11.8713, -33.78, -10.5278, 8.92586, 2.10739, 28.9148, 11.6515)
(1202.08, -265.858, 3009, -0.105773, -0.104555, 1090, -229, 93.3159, 43.5729, -43.1543, -64.0824, 3.12395, 9.30749, -5.99554, -2.9654, -30.7689, -41.4805, 4.17689, 6.4985, 31.0615, 31.2819, 8.58383, 0.431982, -11.4522, -10.468, 2.23195, 5.13406)
(1268.99, -104.612, 3009, -0.173833, -0.0962988, 1192.22, -92.7778, 361.1, 90.0192, 60.4149, -5.99835, 10.73, -42.094, -11.2972, -32.4528, -2.03207, -18.529, 10.6875, 5.75192, 12.4396, 15.4198, 9.16548, 13.6499, -8.066, 3.91804, -22.4511, -5.84751)
(1130.25, -130.672, 3009, 0.00262633, -0.0188165, 866.1, -1.6, 119.349, -140.622, -96.8153, 41.6892, 44.4815, -34.4655, -0.618432, 48.1263, -3.3516, -51.3429, -21.0724, 20.2499, 21.3397, -2.01424, -4.83435, 8.60248, 0.905184, -19.3937, 3.24937, 15.4002)
(1117.43, -36.5862, 3009, -0.139221, -0.00797872, 1094.78, -67.8889, -80.6413, 26.1043, -5.68489, 1.64617, 5.86827, 10.0942, -12.5267, -4.52596, 15.0278, -7.51291, -32.7092, -8.35635, 17.9439, 12.5486, 8.57184, -0.381779, -6.06528, -7.64474, 16.6908, 10.119)
(1297.24, 64.1807, 3009, -0.141068, -0.019836, 1195.89, 205.667, 316.263, -53.0048, 140.391, 12.1587, 67.7528, -5.35864, 9.02151, -18.8147, 5.64469, -15.478, 15.4205, 5.54079, 0.44999, 5.9134, -17.8367, -3.4021, -23.8867, -3.67938, -13.4788, 7.78734)
(1115.98, 62.264, 3009, -0.0957862, 0.0351978, 1096.38, 22.125, -78.2839, -7.64435, 56.5461, 20.4589, 4.29913, 2.35036, -31.8984, -10.587, 27.1706, 6.60783, -24.3765, -8.56347, 17.0807, 5.61689, 2.81809, 1.76917, -9.76927, -3.6656, 17.3901, 5.18356)
(1091.4, 163.986, 3009, 0.00343528, -0.0321088, 922.417, 371.917, 129.177, -47.4258, 5.53344, 6.18518, -11.8171, 13.3861, -8.1767, 5.69834, -5.45547, 2.83419, -5.55495, 10.4073, -1.54969, 12.1959, -0.194636, 5.57278, 3.17409, -3.61449, 3.38734, -6.5671)
(1125.22, 267.367, 3009, 0.000513781, 0.0225459, 979.273, 222.364, 106.246, 35.4423, 21.0438, 10.7466, -9.7256, 2.91524, -10.3608, 3.89417, -9.73622, 1.81532, -2.6029, 5.53696, 2.70806, 4.32822, 3.18068, 3.08944, 2.96805, 0.0788404, 3.36074, -1.5969)
(1289.45, 228.574, 3009, -0.112776, 0.00575389, 1145.46, 375.231, 210.269, -74.5375, 168.664, 75.2555, 42.5944, 15.4008, -44.2394, -43.3036, -17.9238, -23.863, 37.4645, 21.8884, 16.003, 18.5885, -29.0564, -14.8349, -30.1158, -13.7523, 7.34502, 13.0065)
(1149.32, 368.832, 3009, 0.0571809, -0.0857713, 958.333, 435, 48.7285, 14.9179, 32.6601, 3.48707, 1.98825, -1.27596, 1.43426, -2.88597, -1.13903, 1.30992, 3.03303, 1.49744, 1.1125, -0.278322, -1.12731, -0.0634032, -0.58078, -1.15492, 1.10651, -0.264667)
(1282.57, 378.573, 3009, -0.129189, -0.0745678, 1117.6, 524.3, 122.727, -7.66344, 138.239, 74.0194, 28.6645, 4.98432, -19.7476, -28.3632, -2.7677, -22.1867, 23.9436, 6.67035, 21.6227, 5.27251, -23.0335, -18.9242, -12.3334, -13.4573, -2.35039, 2.56449)
(1253.4, 506.22, 3009, 0.0174151, -0.13101, 921.308, 847.462, 202.592, -20.0895, 51.0545, -13.6793, 36.2668, -3.46925, 15.0348, -3.60036, 6.76448, -2.6266, 0.582726, -0.492842, -1.24167, 0.732367, -4.17426, -0.782365, -8.26077, 1.79273, -9.25772, 1.55776)
(1103.96, 486.156, 3009, 0.0730908, -0.109802, 917.143, 517.571, 55.983, 13.381, 32.3683, 3.27452, 2.32213, -0.498651, 1.39765, -2.01503, -1.07832, 1.43818, 3.10592, 1.60947, 1.04269, -0.498204, -1.28071, -0.507044, 0.254815, -0.837108, 1.11734, -0.14039)
(1166.28, 613.62, 3009, 0.0244533, -0.190492, 889.111, 881.444, 257.803, -25.4117, 71.3595, -17.8482, 46.1027, -4.81446, 22.2976, -4.27982, 8.74035, -3.87097, 0.969839, -1.85131, -2.80376, 1.22169, -6.45381, -0.0431084, -11.797, 1.88834, -13.199, 2.39675)
(1078.41, 709.336, 3009, 0.12254, -0.134874, 753.6, 962, 72.4728, 12.9544, 5.65222, -9.93826, 6.0791, 2.04318, 0.844638, -0.340011, -0.0846242, -0.10046, -0.447534, 0.257324, 2.24162, 0.00765592, 0.666122, -0.60089, -0.811602, 0.837457, -0.255617, -0.679353)
(943.98, 646.838, 3009, 0.0922355, -0.0493499, 693.556, 566.556, 27.6862, -46.9768, 3.06266, -11.7235, 6.95181, 6.72061, 13.3661, 15.6755, 12.8963, 14.1002, 11.3762, 11.7592, 8.07296, 6.65674, 1.28197, 0.74796, -2.95888, -3.05055, -6.22625, -5.04684)
(982.794, 840.256, 3009, 0.0814864, -0.0656398, 811.556, 910.333, 58.5995, 12.9449, 2.82369, -10.4684, 8.85804, 0.336102, -0.482525, -0.691616, 1.22662, -0.0890496, -0.467044, 1.10629, 2.68225, -0.394909, 0.971131, -0.45566, -1.01059, 1.04749, -0.104905, -0.989329)
(847.391, 731.525, 3009, -0.103871, -0.0972222, 909, 551.333, 105.31, 338.228, 11.7063, 137.5, 6.39794, 79.1866, 4.73621, 52.5967, 1.6925, 29.3473, 1.08183, 20.3843, 1.38867, 9.8116, 0.308318, 2.35541, -0.416824, -3.36048, -0.932916, -6.96355)
(823.438, 898.996, 3009, 0.203568, -0.229388, 561.167, 1098.5, 60.226, 25.4341, 12.6663, -10.1471, 0.0758467, 2.07137, 0.619282, 2.33919, -1.28514, 1.75359, 1.25418, 0.488304, 1.88231, -1.29316, -0.987008, 0.213334, 1.10206, 0.418951, 1.03498, -0.884275)
(833.019, 1013.61, 3009, 0.075724, -0.0722518, 848.889, 904.667, 66.9004, 4.58343, 8.37544, -8.04128, 10.5874, 1.58135, 0.0654993, -0.462426, 1.80231, -0.406642, 0.240748, 1.42264, 2.57149, 0.0365367, 1.05066, -1.33709, -0.697822, 1.25739, -0.496074, -0.828471)
(611.167, 903.639, 3009, -0.0262055, -0.0775324, 435.87, 670.087, 39.6788, 389.629, 30.454, 138.868, -6.94585, 97.5377, 14.9175, 56.902, 25.3614, 31.7564, 3.27851, 28.5763, 2.76799, 12.6386, 10.6874, 0.295471, -4.80262, -2.87099, -6.6873, -7.49488)
(684.357, 1101.36, 3009, 0.136243, -0.169004, 454.182, 1096.27, 69.5194, 163.756, 12.3306, 53.1743, 9.96521, 33.0965, 1.55276, 15.2251, 1.72149, 3.89537, -1.1549, -2.01456, 0.159838, -6.7589, -2.13721, -7.8699, -2.6091, -9.21471, -2.68765, -12.6489)
(494.872, 1001.43, 3009, -0.0669125, -0.0496252, 425.955, 841.318, 62.2945, 253.55, 16.4226, 80.2324, -2.33654, 42.7212, 16.8681, 34.6518, -1.46537, 16.9298, 3.76594, 13.3438, 6.1233, 9.46814, -3.35787, 0.0879159, 3.91041, -0.878738, 2.06891, -4.66291)
(561.838, 1214.94, 3009, 0.11587, -0.19934, 120.385, 1231.15, 84.0963, 376.674, 13.7018, 139.99, 12.8668, 78.2491, 2.57292, 38.5863, 1.05934, 13.2115, -3.84126, -4.04697, -2.35391, -16.1536, -5.68288, -20.3468, -7.14745, -24.1699, -7.18634, -30.1218)
(413.512, 1253.98, 3009, 0.125071, -0.199539, 136.857, 1225.93, 79.3467, 359.087, 12.212, 128.234, 10.9763, 72.6487, 2.61959, 35.4238, 1.25008, 12.0969, -3.75098, -3.97281, -1.89519, -15.1309, -5.08556, -18.2351, -6.91568, -22.5352, -6.48113, -28.2433)
(389.206, 1077.44, 3009, -0.0956747, -0.0331747, 427.895, 927.842, 9.41546, 226.023, -5.15607, 62.3625, -2.89097, 41.1449, -2.13205, 20.0334, -2.97803, 14.3418, 0.607548, 9.14815, -2.19537, 5.25556, 0.0199879, 2.68834, -0.71424, -1.49911, 1.1158, -3.08048)
(261.627, 1098.64, 3009, -0.148992, -0.106752, 558.056, 851.167, 13.6598, 441.167, -3.94737, 163.343, -2.43266, 97.2111, -2.36744, 60.8591, -2.86262, 39.5447, 0.391588, 24.4315, -3.08281, 13.0339, 0.531317, 4.55017, -1.03578, -3.37322, 0.287626, -8.7167)
(234.662, 1279.48, 3009, 0.141312, -0.154211, -32.6, 1236.33, 70.6679, 326.72, 12.4924, 127.033, 12.5203, 69.872, 2.38453, 32.4029, 1.37471, 12.302, -2.9137, -2.60605, -2.26442, -13.0985, -4.96442, -18.6529, -5.3375, -20.1727, -6.36714, -25.7495)
(118.115, 1112.13, 3009, -0.048934, -0.11256, 206.774, 1013.03, -21.9572, 17.7323, 9.97058, 25.4247, 18.848, 79.5409, -12.8753, -20.1756, 10.5816, 12.9474, -0.447379, 19.532, -0.850548, -7.33292, 6.47144, 0.215861, -2.57135, 7.03122, 5.35459, -5.2833)
(6.18773, 1240.35, 3009, 0.150772, -0.0990402, -200.565, 1147.74, 44.1409, 89.5367, -2.43363, 63.5243, 10.1489, 45.8523, -2.53455, -8.53415, 1.19423, 26.8802, -2.34693, -14.6191, -1.79447, -4.77362, -0.851011, -0.906685, -2.88492, -20.3609, -1.57407, -0.175182)
(-60.6387, 1059.85, 3009, -0.0875836, -0.0335235, 113.645, 915.387, -31.478, 97.7474, -0.993304, 23.8236, 11.5229, 19.5624, -5.88126, -1.48326, 0.489557, 3.41827, -3.13168, 7.9852, 1.14577, -7.85959, 0.204369, -4.30687, -4.69738, 5.14719, 2.85289, -10.0637)
(-190.975, 1177.96, 3009, 0.0809864, 0.0618826, -341.179, 930.929, -56.4001, 133.46, 20.3481, -19.9807, -10.4639, 9.13483, 2.96299, -9.18715, -3.05321, 9.54553, 2.40327, -6.983, -3.89331, 5.58381, 5.71423, -3.97006, -5.22289, 3.328, 6.07436, -2.15302)
(-110.558, 291.084, 3009, -0.159574, -0.270944, 784.25, 199.5, -814.883, 271.057, -79.9433, -7.72114, -138.302, 119.883, -41.4811, -25.4373, -0.0329194, -88.1502, -25.4547, 46.6597, 52.1437, -96.7971, -19.7345, -39.2547, 59.4584, -6.234, -17.429, -52.4757)
(-162.393, -1247.76, 3009, 0.12366, 0.13039, -173.364, -1202.33, 40.3071, 84.053, 32.1916, 28.2614, 25.6869, -46.9208, 0.588083, 32.0722, 3.2345, 14.6421, -1.92167, -25.3506, -4.5139, 6.08368, -5.60655, 10.8795, -8.51065, -11.0229, -4.47774, -2.3264)
(-301.143, -1002.37, 3009, 0.0556946, -0.0244902, -306.314, -714.412, -44.1512, -196.109, 10.1776, -48.4012, 9.85647, 2.81266, -0.00558175, -24.1375, 0.180115, -16.3299, 3.76968, 2.66507, 0.0935103, -16.2068, -0.0976775, -10.4523, 1.23601, 5.02667, -0.465154, -9.66697)
(-414.775, -1220.13, 3009, 0.00635805, -0.0481632, -330.675, -904.325, -162.969, -76.8652, 62.7128, 25.0278, -14.1461, -22.517, -24.5433, 5.32841, 38.2844, 11.6277, -39.672, -18.6143, 23.4, 13.205, -4.66062, -2.26712, -10.1344, -6.34733, 16.709, 9.03017)
(-653.943, -1088.79, 3009, -0.114424, -0.149258, -157.375, -689.094, -263.359, -143.644, -1.14576, -16.0896, 8.27079, 3.22353, 1.88825, 8.76756, 29.105, 8.45727, -59.5534, -20.5043, 33.6209, 10.2982, 4.13809, 4.95349, -10.9622, -4.65985, 2.21574, -1.04346)
(-428.152, -855.58, 3009, 0.0230892, -0.00792332, -285.429, -651.214, -102.484, -156.259, 5.11523, -9.68808, 21.0735, 22.4325, 16.5244, -4.40593, 11.2545, 0.1484, -2.74588, 6.86924, -9.71106, -7.18852, -10.2956, -6.33407, -3.88009, 5.55799, 1.87687, -2.48284)
(-492.122, -998.111, 3009, 0.0805881, -0.00899118, -529.636, -676.318, 74.6536, -231.114, 2.90688, -130.921, -9.94234, -90.7122, -1.41168, -49.9902, 6.92277, -23.9507, 13.4947, -19.1079, 7.18072, -24.6385, -1.25473, -25.9859, -7.47268, -21.5024, -2.49529, -14.8278)
(-603.52, -798.974, 3009, 0.0372625, -0.0484897, -482.8, -482.743, -45.7523, -166.656, 1.24371, -101.142, 11.554, -23.1571, 12.8863, -24.7787, 8.09142, -11.3875, 8.62374, 5.63991, -2.09392, -23.12, -8.56356, -22.0339, -6.87551, -1.18279, -1.34196, -10.6369)
(-619.922, -625.485, 3009, 0.0700038, -0.0210961, -484.114, -463.029, -134.129, -74.3553, -31.7685, 3.94764, 17.5017, -0.721722, 20.943, 0.401321, -1.61, 11.3943, 1.77591, 9.72637, 6.14214, -6.80344, -6.82877, -4.25316, -6.86665, 5.55674, -1.26964, -7.5386)
(-785.313, -636.282, 3009, 0.129333, 0.0303673, -723.897, -497.897, -133.226, -180.662, -16.6621, -66.4368, 29.1647, 2.26187, 34.8499, -7.87947, 13.5172, -10.0549, 1.10854, -2.14651, -3.57191, -11.9083, -5.69552, -11.5219, -7.69253, -7.96263, -2.6959, -12.7632)
(-825.977, -877.794, 3009, -0.085328, -0.163909, -311.926, -528.593, -211.141, -158.894, 28.6996, -15.8129, 19.8466, -11.7344, -23.6999, -4.05819, 32.3556, 29.7038, -44.6144, -22.713, 26.2938, 4.33423, 5.31914, -1.85343, -15.4636, -2.61714, 12.3744, 11.5806)
(-692.174, -476.281, 3009, 0.0451737, -0.0397861, -487.647, -352.529, -109.677, 10.0905, -10.2125, 2.54242, 4.30105, -17.0312, 11.2981, -3.75051, -22.6821, 30.9944, 7.59266, -11.4324, 6.04016, -6.54787, 1.95482, -3.81007, -9.57159, 5.41932, 4.76429, -1.83045)
(-1021.87, -708.23, 3009, -0.0364096, -0.0888032, -807, -336.4, 31.6709, 15.1848, 26.7374, 14.3107, -3.69015, -23.0183, -12.217, -33.1752, -13.2517, -15.675, -12.3203, -21.7649, -6.85628, 1.66473, -3.85732, 3.7786, -0.297887, 5.34946, 3.99014, 10.1753)
(-825.999, -465.692, 3009, 0.0696049, 0.0104008, -679.457, -397.4, -164.21, -53.9697, -0.907347, -21.7407, 9.70131, 12.3113, 27.4292, 7.87071, 6.26739, 10.8022, 3.3585, -2.03995, -5.20722, 3.06678, -4.97414, -3.84311, -10.0459, -2.22928, -0.209179, -4.41851)
(-1025.17, -477.526, 3009, 0.00961633, -0.119102, -911, -98.5185, -92.1796, -158.678, 38.1661, 14.5821, -4.77258, 4.95834, -11.0485, -5.27393, 5.29231, 11.2746, 4.68393, -14.7996, -3.24551, 12.8024, -4.24236, -0.266168, 5.18037, -6.13821, 1.99276, 4.4838)
(-1204.04, -533.834, 3009, -0.0315969, 0.0790356, -1106, -420.087, -96.9924, -24.9263, 7.21668, 0.87852, -4.64341, -0.815404, -3.31851, 2.1737, 1.38902, 0.308651, 2.29638, 0.605449, 0.020276, 1.76582, -0.605438, -0.248118, -1.4842, 0.293321, 0.383665, 0.478226)
(-891.85, -332.592, 3009, 0.044323, 0.00768539, -761.441, -261.794, -136.251, -56.2841, 18.3631, -17.4677, -13.4708, 11.5482, 3.10444, 5.52695, 2.59058, 12.8729, 15.2971, -2.60457, 2.23, 6.03616, -2.91583, -2.87757, -6.37305, -1.62945, 0.0722115, -6.1367)
(-775.836, -252.091, 3009, 0.00260566, 0.0245112, -537.189, -139.568, -201.875, -81.8097, -4.87125, -7.65476, -1.70759, 0.260665, 4.75673, 15.1345, -1.63228, 21.5652, 10.9608, -5.23634, -2.88812, 2.80127, 0.0810867, 0.408124, 0.0533464, 0.213439, 0.616765, 2.88113)
(-942.93, -175.227, 3009, 0.0335771, 0.0469489, -825.556, -213.074, -144.507, -70.7971, -0.00980673, -25.0949, -4.22159, -0.256368, 2.87735, 6.8072, 3.7928, 5.27557, 8.20386, 4.3296, 2.90121, 3.36719, -1.55297, 2.17785, -2.42019, -0.261702, -2.7198, -1.96745)
(-818.703, -125.998, 3009, 0.00884062, 0.0275808, -539.63, -136.889, -269.438, -18.0952, 13.1281, -38.8964, -11.5671, 42.2719, 27.2342, 10.9665, 7.62891, 25.4172, 15.6197, -9.03901, -14.4574, 2.55821, 4.27504, -18.8163, -18.2549, 5.95896, 3.32005, -4.74551)
(-721.803, -44.7683, 3009, 0.00410018, 0.0744479, -430.909, -185, -162.457, -40.3417, 24.6371, -24.4868, 3.81027, 15.5099, 19.2452, 16.2388, 17.8919, 28.5818, -4.75348, 4.94605, -15.1875, -9.65572, -12.1916, 2.3127, -8.69436, -8.91108, -7.84214, 0.565322)
(-922.277, -16.3551, 3009, -0.0587919, -0.0271583, -627.269, 17.8077, -128.767, -23.9221, 6.6302, -21.2646, 9.73851, -17.8572, -13.9787, 3.1596, -4.14245, 5.34828, 4.03174, -0.524973, 2.22102, -4.43538, 0.464951, 4.00814, -4.86029, 7.98662, 4.93389, -0.599481)
(-801.768, 76.4471, 3009, -0.0612307, -0.0354207, -389.909, 29.6364, -270.31, 36.276, 46.6919, -87.6779, -13.2877, 15.2354, 37.3689, -11.2796, -5.83806, 30.555, 21.9113, -8.22307, -9.16932, 8.61521, 5.25956, -10.5676, -21.2715, 14.5698, -0.718254, -4.20763)
(-923.127, 102.717, 3009, -0.0660869, 0.0837591, -636, -75.8421, -156.861, -104.947, 13.5029, -0.960207, 24.8461, -15.073, -20.0266, 3.37277, 10.4459, 4.78403, -3.98248, -13.5594, -7.6773, 4.74083, 2.91785, 0.110581, -5.33852, 9.15672, 13.9232, 4.67132)
(-940.923, 221.684, 3009, -0.00966558, 0.0357811, -656.259, 201.481, -109.24, -45.2786, -1.44962, -40.707, 9.41816, -12.9182, -20.9255, -1.96629, -2.06744, -1.00852, 11.2922, 0.905276, -1.67401, 2.0004, -5.39475, 4.84692, -0.718949, 11.0899, 8.45295, 0.980014)
(-788.031, 196.585, 3009, -0.0221134, 0.0205544, -323.483, -12.4828, -169.174, 89.1623, -12.9715, -74.622, -5.34604, 25.9798, 53.0979, 0.98629, -13.5535, 28.8721, 24.0766, -3.60612, 6.30596, -3.92168, -28.6038, -0.314423, -5.48918, -3.90146, 0.215086, 3.427)
(-870.105, 308.282, 3009, -0.0996132, -0.0138419, -391.091, 194.818, -175.726, 54.0045, -33.2179, -7.11912, 47.5616, -8.88538, -29.029, 11.2432, -1.20078, -4.66474, 23.2577, 1.23617, -4.88349, 0.122097, -6.58124, -1.44994, 0.908674, 4.13126, 4.72675, -3.54218)
(-908.347, 400.538, 3009, -0.0509752, 0.0429226, -462.963, 216.148, -62.5907, 15.7137, 4.91905, -30.2071, 13.0973, 9.9887, -32.0952, 22.8962, -0.134505, 7.51374, 17.7061, 5.98552, -6.32928, -10.5314, -11.0771, -12.291, 4.10465, 10.2164, 11.8059, -3.05466)
(-776.431, 452.564, 3009, -0.0722656, 0.0226618, -315.5, 252.667, -181.937, 117.172, -24.2635, -18.0536, 44.9902, 1.57843, -23.4641, -2.70608, 0.0738323, 1.92264, 34.3149, -0.472916, -9.10742, 6.03626, -7.61134, -7.70785, 4.92391, 5.05202, 1.80341, -0.97281)
(-929.774, 566.307, 3009, -0.214816, 0.0469304, -379.417, 245.083, -8.37064, 151.445, -39.9586, -100.222, -16.6965, -32.8853, -1.12691, 74.2589, 14.8488, 19.4027, -2.17778, -9.52603, -12.5752, -18.6018, 5.10332, -19.1258, 7.01896, 23.8368, 3.85358, 4.15209)
(-910.607, 701.255, 3009, -0.00811416, 0.0488697, -771.63, 367.148, -165.729, 236.959, 25.8932, -86.0753, 4.64961, 25.1337, 28.2094, 7.09294, 10.3348, 9.91413, 0.972334, -6.27016, -15.189, -3.43838, -8.39129, -5.79142, -4.24825, 6.17682, 3.7866, 1.70169)
(-704.899, 573.018, 3009, -0.0161492, -0.0850297, -497.654, 590.923, -25.6677, 2.33856, 17.3951, 1.29475, -9.90063, 23.4266, -9.35899, -25.9128, 1.35872, 9.11278, 16.9254, 13.13, 0.650522, -14.6335, -13.1296, 4.96132, 5.54311, 2.80374, 5.47542, -5.32368)
(-812.51, 798.556, 3009, -0.027947, 0.0778462, -615.871, 498.129, -43.2112, 137.036, 0.650834, -92.3381, -2.93191, 0.528374, 11.6517, 9.39637, 1.01345, 12.743, -5.87336, -10.7812, -1.80143, -1.42359, 2.10556, 1.00951, -5.75879, 8.42541, 1.17933, 4.23187)
(-597.075, 695.613, 3009, -0.0438446, 0.0168781, -376.115, 503.269, -24.6522, 139.417, 51.5884, -24.9161, -36.5843, 28.1329, -16.5634, -27.9738, -3.77532, 13.3376, 17.531, 4.27803, -2.42716, -2.69847, -0.214538, -0.853964, -0.739968, 2.77547, 6.90489, 0.0533572)
(-739.031, 938.503, 3009, -0.00386623, 0.129186, -469.259, 587.63, -161.146, 155.85, -10.6684, -106.836, -5.60867, 32.0126, 38.8972, -6.33736, -31.4193, 8.68489, -1.35283, -25.5419, 6.4815, 23.9398, 16.146, -3.45903, -23.4218, 1.95692, 9.97571, -4.4888)
(-599.781, 945.35, 3009, -0.0433428, 0.0177582, -411.917, 724.208, -91.4501, -15.3364, -8.91566, 30.5705, -5.5912, 38.2799, -15.3978, 14.1312, 13.0172, -2.19963, -3.59214, -24.7777, 3.76017, -9.53339, 2.71849, 4.68163, -6.36152, 11.3441, 3.96512, 10.9678)
(-549.945, 1113.35, 3009, 0.0149416, 0.168209, -338.25, 588.222, -199.616, 216.247, 24.9298, -92.4767, -25.8794, 54.3397, 40.757, -13.5641, -33.2533, 18.2051, 7.36159, -34.526, -4.19638, 22.4411, 20.6765, -10.4166, -26.6054, 7.49595, 15.3406, -8.38496)
(-379.126, 1178.85, 3009, 0.0917395, 0.115786, -460.119, 761.429, -158.779, 204.21, 63.1509, -53.4102, -34.1393, 31.8244, 16.6966, -29.3171, -13.77, 25.702, 11.068, -21.2901, -13.3294, 15.9255, 15.4369, -12.4527, -14.5863, 9.70584, 15.3947, -7.8274)
(-280.239, 489.367, 3009, -0.00434613, 0.00934094, -133.439, 68.8293, -109.433, 298.482, 2.86211, 32.5601, -18.9438, -28.2324, -8.4145, 19.1043, 8.3297, 22.6445, -2.93995, 3.89837, -6.20107, 25.4777, -1.37346, 4.61099, 2.2021, 11.4248, -7.08147, 5.12632)
(-259.095, -18.9369, 3009, -0.0335563, 0.111598, -8.25, -347.875, -39.6415, 310.152, -62.2548, -9.37697, 74.0692, 26.5766, 30.9304, 22.7837, -39.0992, 2.2793, 28.7073, 10.7105, 12.8007, -2.97008, -19.6672, 11.6473, 12.716, -2.67697, -3.08634, -2.07035)
(-97.3023, 14.0421, 3009, 0.124501, 0.140293, -272.5, -222.3, -93.9999, 34.4816, 126.89, 53.6086, 58.2291, 27.9323, 68.5254, 45.0152, 13.0921, 54.012, -8.65374, 8.90793, -35.0142, 12.6163, -35.9172, 8.09148, -14.4015, -2.8516, 0.365898, -7.70354)
(-197.435, 173.621, 3009, -0.00269869, -0.154021, 152.882, 71.5882, -243.976, 258.284, -89.1885, 7.24851, 24.473, -66.2267, 4.1407, 6.77855, -21.5558, -51.3365, -12.7691, 9.46861, 15.9324, -8.4058, -11.2116, 0.462789, 9.81091, -8.69442, 3.93192, -6.13754)
(-136.422, 244.389, 3009, 0.153867, -0.050809, 17.8333, -8.83333, -162.21, 216.781, -73.4039, -47.0944, -5.57142, 42.2267, -15.1664, -49.3557, -20.5103, -49.6013, -16.5532, 3.39859, -0.983844, -20.0539, -18.4945, 36.1795, 4.57732, -5.22358, -2.52387, 8.17609)
(-52.663, 240.532, 3009, 0.146055, -0.148013, -39.7778, 67.5556, -85.3128, 231.027, 2.71971, -22.6539, 23.3369, -31.0519, -2.65, -60.2818, -18.734, -23.6886, -21.3589, 27.3534, -11.5345, 3.60855, -13.368, 13.3562, 12.9348, -10.4275, 8.88387, -7.31507)
(15.7263, 277.579, 3009, 0.127517, -0.26306, 172, 335.143, -274.502, 208.33, -5.79447, 154.116, -46.4569, -23.5783, 11.3528, -50.6946, 16.025, -72.5155, -7.01073, -39.2747, 37.1127, -27.4123, -4.1425, 7.99292, 39.0642, -6.16829, -9.06189, -2.87242)
(97.127, 236.622, 3009, 0.107834, -0.204576, -19.9091, 165.455, 22.7349, 333.055, 55.6482, 75.3795, 18.3415, -43.61, 3.48781, -62.3758, -8.65299, -53.0502, -29.3784, -20.0562, -7.71258, 8.6089, -5.35996, -9.42118, 23.5066, 2.13136, 6.91879, -11.575)
(188.892, 193.696, 3009, 0.0358488, -0.0183677, 245.75, -53.25, -304.33, 185.634, -24.7017, 151.79, -62.2991, -38.7676, 12.8821, -6.59702, -20.252, -30.3528, 10.8527, -2.34196, 31.7369, -20.8517, 26.3249, -12.7411, 33.7231, -16.6509, 23.6118, -14.5956)
(230.724, 89.5897, 3009, 0.0939162, 0.00349069, -43, -197.3, -72.7011, 303.673, -16.5658, 62.3318, 24.8978, 11.7646, 21.3374, -65.3671, -18.1281, 17.9891, -13.53, -9.77747, 22.5309, 11.7524, -4.71806, -20.8782, 15.4895, 7.85651, 12.2422, -29.8473)
(169.7, -46.696, 3009, -0.095807, 0.105261, 161.5, -194.812, 356.566, -54.5864, -4.28424, -0.909501, 15.4866, -46.2534, 29.572, -33.9295, 8.7049, 3.41658, -13.925, 11.1598, 2.76712, -6.80508, 19.0615, -10.8549, -15.707, 17.2096, 2.95753, -0.288007)
(245.784, -813.726, 3009, -0.0552458, 0.0406182, 162.179, -578.615, 29.7628, -236.797, -4.17459, -16.4761, -2.50667, -38.9835, -9.6899, -6.83058, 5.54022, -12.5726, -10.9545, -4.14009, -7.15315, -2.98353, 2.58776, -9.12165, -7.29074, -3.56899, 5.79643, -15.4339)
(246.116, -991.398, 3009, 0.0501427, -0.0761628, 117.22, -602.293, 49.6494, -60.1844, -30.8804, -17.238, 17.0681, -0.727016, -13.9434, -19.4463, -15.5268, -11.1797, 7.32832, 3.89685, 6.05908, -11.8001, -1.52906, 6.89572, -10.6359, 17.3307, 5.60309, -6.92409)
(419.652, -938.705, 3009, 0.0640079, -0.152427, 189.143, -294.643, 133.709, -209.565, -70.6734, 4.96494, 44.1868, -4.85777, -6.2189, -15.6651, -13.1032, -18.9955, 11.0269, 12.4981, -7.04504, -2.28533, 1.24621, -4.32026, -10.0695, 20.5209, 10.7063, -0.315664)
(531.686, -829.837, 3009, 0.10521, -0.0614635, 277.235, -400.412, 150.307, -122.374, -54.4489, 26.9556, 5.34432, 3.34083, 6.27544, -5.49171, -9.43779, -1.39809, 6.93925, -5.9325, 7.45283, 2.41944, 1.02612, -17.1732, -1.0268, 6.83967, 14.1128, -9.05672)
(360.44, -760.502, 3009, -0.0329611, -0.0179521, 325.088, -400.382, 31.6238, -216.485, -30.4463, -10.3976, 8.88589, -28.6747, -1.13342, -6.21943, -2.65795, -26.3051, -4.27839, -3.23278, -1.0484, -2.78478, 1.35154, -7.2014, -8.42203, -1.07864, 7.17089, -9.43757)
(472.67, -675.042, 3009, -0.0217914, 0.00215554, 419.419, -418.839, 123.373, -176.567, -38.3537, -28.6042, -25.5056, -37.2013, 17.1287, -3.89864, -3.28075, -16.2226, -7.97588, -13.054, 7.93855, 0.649379, -4.03554, -9.29578, -3.88401, -5.56484, 9.35336, -7.05648)
(559.664, -594.245, 3009, 0.014217, -0.0531524, 383.059, -293.353, 115.402, -170.793, -64.1938, -38.1714, -28.2803, -25.9921, 46.6468, 7.16532, -8.65866, -19.0881, -21.9648, -14.9342, 13.964, 2.98626, -3.48548, -10.7444, -7.09693, -11.1867, 10.766, -1.24955)
(636.273, -542.53, 3009, 0.0572591, 0.0082525, 400, -369.882, 153.483, -74.7893, -42.0337, -43.7424, -32.5356, -21.7417, 41.7034, -3.45827, -5.29533, -8.54911, -21.9288, -13.7286, 11.6287, -4.73672, -3.69851, -6.18448, -3.13832, -11.2722, 5.69511, 1.29653)
(692.057, -476.098, 3009, 0.0619275, 0.015348, 346.944, -325.222, 135.531, 4.97383, -24.3704, -54.8719, -30.6204, -60.8906, 45.157, 13.8547, -4.91235, -5.63972, -31.2682, -8.70854, 14.294, 0.159893, 2.2713, -16.1786, -5.30287, -12.9039, 7.66797, 2.26564)
(754.929, -415.326, 3009, 0.0503569, -0.0229388, 397.105, -204.895, 134.787, 42.1797, -40.5629, -17.7568, -22.0392, -38.502, 43.3198, 12.651, 0.550305, 7.1233, -29.2876, 7.00022, 6.16298, -0.719053, 7.88948, -10.2785, 2.62129, -1.02388, -0.394696, 2.57592)
(637.789, -338.231, 3009, -0.0107777, -0.0381349, 474.903, -190.194, 111.766, -149.446, 5.37997, 30.0041, -22.5708, -13.3961, 1.22442, -14.0994, -10.0737, 4.80477, 14.8314, 5.29351, -0.569642, 4.50226, 3.0853, 4.70048, -9.7731, -9.27964, -0.30064, -1.45726)
(818.82, -373.211, 3009, 0.0260417, 0.0716755, 430.267, -297.867, 131.691, 63.7774, -21.2169, -85.4863, -22.3734, -15.7936, 54.9611, 17.0181, -24.9014, 4.87186, -21.245, 5.53339, 24.062, 2.49849, -9.99241, -11.074, -1.31069, -2.80203, 9.82761, -1.17598)
(810.545, -301.443, 3009, 0.0673917, -0.0448645, 363.238, -179.905, 106.406, 44.316, 2.74675, -78.1843, -9.21951, -47.4607, 37.8897, 26.5423, -17.1296, 22.0423, -25.8664, -9.71925, 22.5361, -1.23758, 1.32865, -0.264936, -9.63275, -11.7322, 8.56352, 3.13143)
(831.024, -214.306, 3009, -0.0150613, 0.0843259, 619.783, -340.783, 73.3261, 22.4203, -28.6824, -59.2527, 13.3805, -9.26665, 10.025, 33.1231, -12.6044, -1.37326, -5.11082, -20.3111, 16.1819, 5.47892, -3.41627, 9.98419, -17.1198, -6.3187, 6.76914, -1.77578)
(701.147, -208.858, 3009, -0.0154034, -0.0281727, 481.974, -175.051, 158.581, -137.275, 10.819, 15.1289, -22.1594, -18.0651, 2.2303, -10.9186, -18.5118, 12.5948, 6.41136, 4.4592, -9.71262, 2.6275, -0.401164, -0.680712, -7.73141, -6.68696, 1.89679, 1.42548)
(777.874, -90.1234, 3009, -0.064983, 0.0444959, 607.312, -179.25, 33.4573, 57.9733, -32.7216, -73.3532, 49.5094, 9.7402, 2.51726, 20.8323, -33.8878, 0.522141, 6.40287, -15.0747, 13.4397, 6.39866, -6.26709, 4.20897, -2.99996, -2.01421, 1.45105, -5.34909)
(617.82, -63.1223, 3009, -0.12355, -0.0491005, 443.667, 2.41667, 137.407, -37.1779, 29.586, 29.4405, 25.7981, -13.6431, 33.1142, -23.2855, -8.59449, -21.6051, -14.3072, -20.5254, -22.1293, -0.997282, -9.77171, 5.81821, -23.6482, -5.90065, -14.3148, 5.24058)
(851.371, 10.7841, 3009, -0.0432181, 0.0360372, 620.05, -56.2, 29.7027, -12.8846, -19.4015, -9.11599, 31.6217, 7.74558, 13.3273, -2.49315, -9.31978, -6.28317, -7.53742, 0.304621, 6.05334, -2.43841, -16.3675, 0.29714, -3.27265, -1.39188, 8.77941, 4.13649)
(728.818, 35.236, 3009, -0.0796329, 0.0365217, 551, -174.786, 112.01, 227.779, 3.17259, -8.02025, 37.3838, 19.9502, -11.1089, -14.5998, -16.4158, -8.92699, -5.37602, -21.2092, -7.31412, -11.221, -12.9396, -7.78825, 5.2138, -4.5583, -5.0039, 2.1987)
(768.614, 139.077, 3009, -0.0300271, -0.0334703, 588.464, 106.286, 96.0871, 9.45928, -10.3876, -7.70718, 29.7786, 11.6095, 16.2723, -6.76637, -9.44573, -3.38149, -1.77557, -7.53973, 3.64465, -1.67483, -11.5921, -5.65668, -5.92518, -1.21875, 1.29896, 0.61225)
(861.038, 192.221, 3009, -0.0408276, 0.0394345, 605.381, 58.0952, 0.747687, 9.95554, 19.5663, 27.914, 25.3298, 16.3484, -20.2548, -8.65982, 0.0734144, -4.42845, 4.76181, -0.603332, -19.2304, -14.6566, -9.81164, -8.86463, 16.9448, 1.69553, 4.72936, -2.14167)
(805.674, 293.133, 3009, 0.0579566, -0.0330389, 428.524, 289.429, 96.4396, 14.3815, 33.1044, 25.4811, 22.1687, -1.96471, -30.3792, -27.3815, 1.1335, 2.07617, 18.2375, 10.4335, -9.66174, -13.0551, -6.20068, -4.58741, 5.34373, 8.89726, -2.50666, -1.20441)
(886.482, 307.693, 3009, -0.231316, 0.14887, 823.8, 135.4, 343.152, 55.063, 19.6995, 19.3383, -41.3806, 16.468, -59.8734, 6.42445, -49.5555, 0.65381, -23.4965, -5.99016, 2.70361, -7.52199, 21.9555, -5.95037, 27.0495, -1.34862, 18.4246, 1.6132)
(946.395, 400.014, 3009, 0.10843, 0.119733, 417.158, 40.1579, 59.7037, 30.3824, -20.8132, 0.520331, -23.3312, 17.4765, 35.7916, 13.0601, 14.7002, -18.8558, 9.24572, -10.8847, -0.896208, -1.27204, -27.4981, -3.33025, -7.16942, 6.98891, 0.179372, -0.322885)
(812.333, 461.405, 3009, -0.237628, 0.0845365, 812.357, 192.929, 366.265, 104.087, 23.729, 41.8279, -44.0471, 14.0015, -62.4883, -13.7441, -55.5266, -24.6686, -31.8012, -19.4316, -5.04766, -6.72959, 17.0719, -0.763391, 29.1571, 5.36857, 25.0789, 7.48245)
(724.239, 396.877, 3009, 0.110938, -0.0330785, 246.3, 410.2, 136.207, 73.3197, 47.4205, 12.6972, -6.77875, -7.35397, -12.4503, -18.3895, 8.53476, 0.220503, 5.72798, 9.08253, -0.99113, -8.07242, -6.53736, -9.9072, -3.29654, 7.03873, 3.56482, 3.73208)
(666.296, 502.156, 3009, 0.120263, -0.0844692, 103.25, 620.417, 236.691, 62.1009, 103.126, 30.1813, -27.3296, -6.1136, -58.8576, -16.7156, -7.93484, 2.93839, 12.8468, 4.56483, -5.70905, -9.19364, -7.90965, -10.7514, 17.8518, 3.14758, 18.3221, 4.03883)
(676.78, 639.576, 3009, -0.00648271, 0.0416271, 575.857, 330.429, 221.541, 48.4289, -9.39961, -57.159, -24.8924, 48.8556, 2.0772, 7.50048, -37.7683, -36.7888, -4.20128, 23.5377, 10.3825, 1.68755, -8.5509, -27.7977, 19.6815, 18.7199, 8.25578, 4.08305)
(551.917, 574.536, 3009, 0.0151817, -0.0136936, 340.524, 482.095, 161.291, 67.2531, -3.37408, 13.1656, 20.6059, -8.31914, -18.3506, -10.0394, -6.72066, 0.251957, -4.63674, 4.79344, 14.9066, -3.95827, -4.71422, -7.20227, -2.38662, 0.638146, 1.81718, 0.841657)
(500.082, 668.086, 3009, 0.104536, -0.0506243, 128.056, 540.278, 241.029, 147.102, -61.5535, 7.06077, 26.9215, -23.697, -27.9317, 5.70269, 2.90768, -4.87779, -27.9769, 2.07382, 15.7022, -7.26186, 0.71488, -8.84668, 7.38318, 9.90868, -0.72013, -5.36916)
(554.343, 779.825, 3009, -0.00346299, -0.0163453, 577.75, 578.667, 140.43, -73.7365, -15.7426, -67.8413, 3.81464, 63.377, -12.1618, -2.24506, -18.2247, -23.8926, 3.95594, 32.2118, 4.33044, -0.831459, 1.26849, -24.1666, 9.05307, 13.0834, 3.55294, 1.78984)
(522.026, 863.455, 3009, -0.205476, 0.082708, 694.214, 516.929, 170.046, 83.7218, 31.651, 24.1222, -33.2906, 5.67532, -0.422105, 5.41535, -2.22396, -19.7509, 17.5545, -1.78459, 17.1287, 15.8739, -5.19576, 4.64395, 10.268, -1.03173, 3.94349, -9.08483)
(439.351, 886.512, 3009, -0.0648271, -0.013721, 427.364, 685.455, 76.5177, 110.129, 22.7579, -13.8722, -10.5451, 5.77053, -24.8999, 4.8876, -0.956214, -0.0651612, 12.9872, -2.68194, 5.82203, 1.73297, -3.28157, 5.28689, 0.922436, 1.00239, 2.74644, -3.87714)
(371.514, 940.515, 3009, -0.22366, 0.0338584, 647.846, 512.462, 79.0906, 221.899, 44.8006, -28.985, -14.183, -28.1918, -47.7122, 41.8591, 3.22244, -24.9227, 19.7236, 3.44735, 8.27669, 9.14436, -2.91116, -7.15852, -1.66141, 15.8222, 5.1087, -15.4624)
(360.717, 1012.69, 3009, -0.180264, -0.0532893, 578.882, 758.824, 79.2042, 263.721, 77.5021, 40.8686, 61.8684, 7.02206, 34.7814, 20.2068, 10.3819, 37.6032, 7.88492, 30.058, 13.091, 4.31514, 19.6238, -10.9732, 15.1217, -10.2525, 7.19517, -0.0720397)
(243.107, 989.964, 3009, -0.178247, 0.0115802, 541.708, 725.917, -19.7202, 131.509, 79.0616, -27.4983, 34.3194, -43.4412, -16.3982, 3.69693, -10.6103, 2.6248, 6.32506, 28.1785, 6.8271, 5.97186, -0.424972, -23.6037, -0.0605798, -4.35624, 7.10824, 0.2974)
(171.423, 907.071, 3009, -0.0443968, 0.0479026, 287, 533.318, 51.0774, 155.975, 38.005, -3.52035, 24.6603, 9.03653, -39.2502, 7.72276, 8.37649, -25.0684, 14.3964, 7.59206, 11.0493, 10.0753, -12.6482, -1.72032, -5.10513, -0.255731, 4.82562, -6.18488)
(18.2551, 933.159, 3009, -0.0938302, 0.0606887, 302.345, 480.379, -35.584, 199.389, 66.3155, -46.0763, 47.6698, -2.78911, -25.4307, -9.27883, -18.4934, -10.8557, -4.22626, 29.4334, 8.7552, 8.579, 8.07502, -10.2469, -4.75141, -17.0726, -1.69292, 1.57008)
(-1044.64, 596.369, 3009, 0.0132979, 0.0317574, -866.421, 381.632, -215.414, 192.91, 34.8176, -70.8154, 15.6992, 48.371, 35.6735, -11.3296, 11.9379, 9.79157, -1.64889, -0.405372, -13.9497, -7.95089, -15.8297, 3.21925, -5.60852, -5.77623, 2.6992, 3.21361)
(-1131.27, 478.618, 3009, 0.059311, 0.0626231, -965.889, 234.963, -243.911, 143.405, 35.9635, -63.8757, 35.4108, 48.6585, 41.7315, -2.62909, 13.1591, 4.4575, -10.6299, -0.728134, -18.0156, -13.8553, -18.7852, 5.42999, -0.772055, -5.40592, 5.70004, 8.00264)
(-1206.51, 350.434, 3009, 0.0571983, 0.0641097, -956.368, 245.789, -279.054, 194.736, 34.9701, -66.9219, 39.0908, 47.6567, 43.0379, -2.64042, 24.2548, 1.25881, -9.63818, 9.53299, -15.7885, -19.2908, -28.9717, 11.2271, -5.63456, -14.8275, 1.45219, 9.83111)
(-1064.15, 328.534, 3009, 0.0994293, 0.0186447, -849.333, 228.417, -96.8065, 148.247, 8.07871, -43.3154, 3.91401, -28.5261, 42.1671, 46.5387, -8.99655, -23.1578, -2.83143, -8.96776, -6.30081, 19.7945, -13.9592, -22.4225, 7.12277, 21.9447, 5.93192, 6.14167)
(-1164.78, 207.346, 3009, 0.0903939, -0.00299202, -1075.05, 141.048, -218.025, 78.494, 33.1657, -47.6897, 29.6414, 44.5962, 43.5684, -4.49781, 6.25919, 9.41664, -7.00302, -10.1472, -21.6225, -4.1084, -12.4868, -2.84417, -2.27182, 3.03232, 9.21068, 3.08905)
(-1235.74, 59.6539, 3009, 0.0184508, -0.0213182, -1170.12, -115.688, 54.9129, 11.781, 32.1743, 35.1913, 10.698, 8.10006, 29.3698, 9.11227, -3.38966, 5.73734, 19.6719, 1.55341, 0.144456, 3.6317, 0.440647, 1.83147, 6.74456, 0.835542, -7.61393, -0.882539)
(-1090.19, 72.6867, 3009, 0.0666707, -0.0367656, -1030.18, 96.5455, -108.31, -73.1226, 12.3651, -12.0348, 32.0256, 10.8312, 32.8232, 7.99774, 3.06862, -0.0440166, -1.34153, -3.73797, -11.313, -0.837991, -5.50244, 3.21211, 5.48002, 6.86578, 3.40503, 7.60208)
(-1252.08, -128.084, 3009, -0.0269457, 0.0686415, -1115.58, -401.526, -95.7871, -25.3751, 7.11357, 0.160913, -5.05216, -1.35095, -3.80008, 2.27034, 1.70467, 0.315949, 2.01103, 0.466324, -0.170959, 1.82106, -0.712914, -0.00649531, -1.38534, 0.510938, 0.327307, 0.583301)
(-1105.55, -100.725, 3009, 0.0675774, -0.0416616, -1062.09, 125.955, -143.917, -98.2278, -13.2586, -43.9196, 12.427, -8.31799, 16.9487, -4.92743, 5.74024, -2.89366, -3.07869, -0.764009, -6.99509, 2.83186, -4.85533, 6.65587, 0.113378, 9.01703, 4.55381, 8.7592)
(-1079.44, -303.569, 3009, -0.0150313, -0.0781487, -936.036, 64.8929, -107.465, -243.786, 17.0105, -43.0273, -6.99733, -20.7279, -6.76416, -18.2679, 4.04605, 4.18599, 4.31266, -7.61075, 0.235089, 15.2666, -0.785604, 9.21169, 4.36015, 8.37566, 3.64567, 15.7082)
(-1256.91, -332.162, 3009, -0.0365858, 0.104638, -1096.1, -458.75, -98.4942, -25.1359, 10.7562, 0.236975, -5.36699, -0.824161, -3.64719, 2.58844, 1.93437, 0.643674, 1.73285, 0.881236, 0.11208, 1.52272, -1.00348, -0.10689, -1.07673, 0.286162, 0.354073, 0.547222)
