(-399.456, 994.523, 2001, 0.165055, -0.0248227, -409.818, 995.636, 0.835384, 0.299493, 0.650657, 0.387515, -0.205925, -0.177954, -0.062989, 0.120485, 0.210417, 0.364008, -0.133523, 0.0186395, -0.158655, 0.0622368, -0.150337, 0.0185046, -0.114154, -0.163982, -0.0533923, 0.119611)
(-289.514, 998.087, 2001, 0.149353, -0.022111, -299.824, 999.765, -1.17868, 0.702921, 0.337913, -0.298034, 0.523688, -0.291201, 0.0271358, 0.155434, 0.00131254, 0.113415, 0.173752, 0.177843, -0.000800848, 0.0148076, 0.0644091, 0.139986, -0.0286957, 0.131694, -0.165668, 0.0309886)
(-232.566, 997.364, 2001, 0.0460993, -0.00472813, -235.833, 998, 0.963821, 1.34579, -0.305588, -0.260501, -0.343193, -0.218274, 0.211599, 0.137706, -0.422525, -0.6533, 0.0771946, 0.160916, 0.167983, -0.125839, -0.0371649, -0.140613, -0.0527405, -0.152633, -0.214733, 0.0495973)
(-180.064, 994.555, 2001, 0.163121, -0.0580674, -191.75, 999.688, -0.972256, -0.593968, -0.398834, -0.400328, -0.0603215, 0.157426, 0.345538, 0.0280752, -0.180247, -0.117124, 0.0991713, -0.125902, 0.0729503, 0.0142051, 0.16325, 0.107102, 0.00967782, 0.0957317, 0.104736, -0.136936)
(-121.592, 999.558, 2001, 0.0471631, -0.00602837, -124.05, 1000.2, -0.457498, 0.0188601, -0.108426, -0.205742, -0.0556298, 0.153229, -0.0733112, 0.163661, 0.19641, -0.0381361, 0.00064214, -0.185162, -0.137267, 0.0549445, 0.00543657, -0.0498854, -0.0190551, -0.172591, 0.0317575, 0.032063)
(-73.7475, 993.165, 2001, 0.120567, -0.0643364, -82.5, 997.929, 1.82212, -0.710218, -0.0585692, -0.207814, -0.598111, 0.00544823, 0.0324741, 0.134555, -0.339694, 0.0992799, 0.212399, 0.0384356, 0.0361997, 0.0532404, 0.175658, -0.128625, -0.164349, -0.0244795, 0.145376, -0.152141)
(-29.8365, 987.833, 2001, 0.119779, -0.108747, -38.5556, 994.556, -1.18159, 1.14874, 0.861287, 0.355673, -0.0174988, 0.147359, 0.323943, 0.0735859, 0.441253, -0.142854, -0.0170168, 0.149816, -0.164765, 0.00369109, -0.136232, 0.21916, -0.0108752, -0.206166, 0.0369048, -0.0406706)
(-9.27571, 997.953, 2001, 0.0085966, -0.0320224, -9.36364, 1000.09, 0.270035, -0.191726, 0.0322441, -0.118693, -0.0259458, -0.0247625, 0.109774, 0.00972922, -0.106068, 0.348319, 0.0349803, -0.143717, -0.10114, -0.0907308, 0.0222055, 0.0693222, -0.0573112, -0.087461, -0.098194, 0.0509829)
(51.9754, 1000.02, 2001, 0.114894, -0.0035461, 42.6, 1000.3, -1.30697, -0.120712, -0.969733, 0.271067, -0.316368, -0.0801549, 0.413978, -0.610783, 0.560669, 0.312879, 0.561256, 0.0324068, -0.0396347, -0.01922, 0.21369, 0.259055, 0.172868, 0.0549069, -0.177109, -0.160839)
(91.0308, 997.002, 2001, 0.0487589, -0.0416667, 85.375, 999.75, -3.20965, 1.11562, 0.444907, 0.178225, -0.714166, 0.238913, 0.0575949, -0.264538, -0.00107423, 0.143473, -0.0742718, -0.00526252, -0.323829, 0.232948, 0.131863, -0.0493651, 0.015401, -0.0637197, 0.204571, 0.0633283)
(110.412, 999.459, 2001, 0.101317, -0.0405268, 103.714, 1001.57, -1.84989, 0.126367, -0.252184, -0.822201, 0.51107, -0.146057, -0.223467, 0.672698, -0.506734, -0.0773965, 0.140859, -0.154174, 0.187663, 0.00734017, -0.116297, 0.0418187, -0.0218051, 0.288893, 0.0734103, -0.0632039)
(158.388, 1000.21, 2001, 0.0292032, -0.00667501, 156.882, 1000.47, -0.221399, 0.485932, -0.285579, -0.172325, 0.0643403, -0.390622, -0.0674292, 0.087924, 0.233824, 0.0512921, -0.00505249, -0.100504, 0.0824416, 0.000408378, -0.00546857, 0.0565625, -0.048523, 0.00190039, 0.149459, -0.0588551)
(230.323, 988.966, 2001, 0.0629433, -0.0828901, 225.062, 994.938, 0.168683, -0.0376724, 0.343853, 0.178417, -0.282645, 0.0537297, 0.249129, 0.329081, -0.211909, 0.214797, -0.153235, 0.198753, -0.0951676, -0.189294, 0.284498, 0.206977, -0.0769832, 0.16869, -0.00700922, -0.00377659)
(311.728, 993.542, 2001, 0.0161791, -0.0671543, 310.5, 998.344, -0.440169, 0.346613, -0.0323878, -0.28528, -0.00678915, 0.0920426, -0.146922, -0.0595716, 0.115294, -0.0497576, 0.00424888, 0.177, 0.00484592, -0.00873312, 0.0487498, -0.0570078, 0.0372669, 0.204925, 0.177899, 0.042538)
(-82.3838, -992.332, 2001, 0.102291, 0.0848336, -89.6538, -997.885, 0.0500797, -0.202783, 0.00524699, -0.314474, 0.0583764, 0.525594, -0.113416, 0.148948, 0.370715, -0.191866, 0.286032, -0.100731, 0.167926, 0.0613341, 0.0643966, 0.158976, 0.00288188, -0.0209397, -0.0673743, -0.247796)
(-80.1601, -923.442, 2001, -0.00515796, 0.263056, -79.3636, -942.636, 1.80877, -1.28566, 0.674324, -0.368256, 0.448917, -0.324485, 0.561583, -0.36804, 0.0203133, -0.360094, -0.0589357, -0.0200954, -0.219036, 0.0198434, 0.0444382, 0.363787, 0.352653, -0.205597, -0.0686883, -0.165637)
(-141.863, -810.914, 2001, 0.0446217, 0.215426, -145.833, -827.167, -0.0253906, -1.93559, 0.685792, 0.0108309, 0.574445, -0.548627, -0.131081, 0.0925414, 0.023153, -0.350854, 0.0436444, -0.0076536, 0.208145, -0.20527, 0.120285, 0.0232881, -0.031544, -0.18618, -0.010475, 0.0193764)
(-23.1249, -867.327, 2001, -0.00555042, 0.196731, -23.2609, -880.913, 0.604421, -1.03421, 0.528282, -0.0735391, -0.171431, -0.0398407, 0.0800654, -0.342179, 0.0468352, -0.0512399, 0.211186, 0.0842402, -0.0366173, 0.0718572, -0.129911, -0.00915197, 0.153063, -0.0775709, 0.0748199, 0.0828881)
(-13.1463, -770.725, 2001, 0.228041, 0.210038, -29.2308, -785.692, -1.65268, -0.525, 0.519773, 0.621684, -0.147254, -0.354419, -0.61816, -0.0558743, -0.549673, -0.0835076, 0.116438, -0.220392, 0.020199, -0.14362, -0.11624, -0.00680613, 0.0147672, 0.124766, 0.0537667, -0.0366934)
(115.951, -787.781, 2001, 0.0904255, 0.256649, 109.375, -806.25, 0.3775, -0.0370309, -0.380721, 0.00488733, -0.599409, -0.11936, 0.218592, -0.0170566, 0.156258, -0.164221, -0.310138, 0.0550637, 0.0760763, 0.150203, 0.0975962, 0.18505, -0.125008, -0.20214, -0.0478934, -0.0297488)
(172.603, -724.617, 2001, 0.0241135, 0.232908, 170.64, -740.68, 1.6411, -2.43048, -0.329075, 0.042769, -0.219567, -0.299604, -0.13463, -0.108265, 0.073645, -0.135647, 0.0478362, -0.00519322, 0.0264038, -0.0977858, 0.170096, -0.0094298, -0.017049, 0.00155232, -0.0346889, -0.0157138)
(55.8654, -659.965, 2001, -0.0168111, 0.254794, 57.2963, -678.926, 0.0382329, -1.65403, 0.0306286, -0.474857, -0.187561, -0.412387, 0.138802, 0.0512364, -0.0205843, -0.156706, 0.0435203, -0.2207, 0.0511228, -0.321474, 0.00617635, -0.0526595, -0.0347269, -0.0566527, -0.00631608, 0.0652625)
(285.62, -745.008, 2001, 0.00863398, 0.234043, 285.565, -760.913, 0.150069, -2.63141, 0.0551567, 0.398506, 0.223483, -0.150847, -0.172049, 0.117723, -0.15199, 0.0331501, 0.162398, 0.020251, -0.139629, -0.207243, 0.0523083, 0.0608963, -0.0107318, -0.150223, 0.0344353, -0.138154)
(153.302, -506.841, 2001, 0.0363475, 0.26448, 150.25, -526.25, 0.0359523, -1.24776, 0.0705107, -0.0506933, -0.0451487, -0.354863, -0.0895625, 0.0175149, 0.114258, -0.376656, 0.0127777, 0.0640786, 0.167615, -0.0991974, -0.0374254, -0.133901, 0.0804963, -0.0802413, -0.0194641, -0.114521)
(247.853, -622.248, 2001, 0.0675625, 0.274356, 242.947, -640.368, 1.30796, -2.50193, 0.307093, 0.294301, 0.290169, 0.130909, -0.0319184, 0.284524, -0.00363103, 0.323476, 0.0679429, 0.150992, -0.107267, -0.199799, 0.202726, -0.150963, -0.0276062, -0.147669, 0.0519565, 0.134364)
(314.426, -505.556, 2001, -0.0588652, 0.288652, 319.15, -525.2, -1.2743, -1.66963, 0.697888, 0.375225, 0.670684, -0.300264, -0.379198, -0.0329935, -0.173781, -0.302818, -0.0359812, -0.00913333, -0.175698, 0.00738647, -0.0317594, -0.0227834, -0.287929, 0.00335427, -0.0706673, -0.165997)
(415.413, -633.633, 2001, -0.0702465, 0.205505, 420, -648.143, 0.672642, -2.25062, -0.0916884, 0.170531, 0.057954, -0.0248219, 0.131383, 0.0780631, 0.0413012, -0.0853088, 0.0760359, -0.214735, 0.150612, 0.0247435, 0.034052, -0.124059, -0.0415581, -0.061235, -0.000516824, -0.00582067)
(505.156, -222.424, 2001, -0.274569, 0.0471125, 525.357, -226.357, 2.15822, -1.4067, 0.0351513, 0.765336, 0.833645, 0.14133, -0.0877353, -0.0648683, 0.104925, -0.384801, 0.454982, -0.0215428, 0.136861, -0.482499, -0.0563544, 0.112064, -0.0706474, 0.0520782, -0.0447864, -0.0292916)
(-997.185, -352.042, 2001, 0.0155634, 0.0685579, -998.111, -357.194, 0.0171317, -0.270914, -0.28158, -0.574468, 0.0209237, -0.3342, -0.045454, 0.0334186, 0.212012, -0.248626, -0.133271, 0.0211321, -0.00356357, 0.0861381, -0.0120803, -0.263687, -0.0197868, 0.062359, 0.099949, 0.0101885)
(-994.519, -429.471, 2001, 0.0126509, 0.115584, -995.378, -437.162, 0.718406, -0.372403, -0.242749, -0.312877, -0.323395, -0.0255553, 0.202174, 0.0781568, -0.105632, 0.153386, 0.00619564, 0.129602, -0.0981019, -0.0347875, 0.18653, -0.0331696, -0.0782334, -0.0522744, 0.0140535, 0.0783792)
(-762.135, -289.454, 2001, 0.226334, 0.0931237, -777.913, -295.565, -1.14094, -1.5328, -0.611686, 0.329355, -0.589963, -0.180277, -0.222509, -0.328302, -0.161657, -0.0957535, -0.0622962, 0.020361, -0.207332, -0.00168142, -0.0582713, -0.144743, -0.195623, -0.021712, 0.036172, 0.0489381)
(-822.166, -394.404, 2001, 0.237743, 0.111625, -838.783, -400.87, -1.55405, 0.0915407, -0.023379, 0.24442, 0.0111021, -0.26061, -0.033224, -0.196697, -0.232248, -0.0297894, -0.0836566, 0.0293412, 0.00642733, 0.0060002, 0.122974, -0.0580239, -0.14644, 0.0505954, -0.0156634, 0.0222728)
(-785.179, -625.958, 2001, 0.184706, 0.128893, -798.391, -634.87, 0.175145, -0.84015, -0.274524, 0.283113, -0.0631373, -0.590432, 0.19505, 0.303966, 0.00771031, 0.167542, 0.000536256, -0.0893125, 0.0454141, -0.0501672, -0.0100114, 0.151901, -0.0121852, 0.0826116, -0.119264, -0.0985162)
(-638.758, -441.742, 2001, 0.254341, 0.067009, -656.621, -446.897, -3.23114, -1.18878, 0.332815, -0.516472, -0.192055, -0.119312, 0.136936, -0.104844, 0.0150538, -0.346997, 0.0958743, -0.0572145, 0.0303779, -0.130143, -0.0943986, -0.0539433, -0.261346, -0.014369, 0.0168661, -0.0970843)
(-741.921, -518.742, 2001, 0.154762, 0.212513, -752.393, -533.536, -0.813573, -1.16424, 0.158724, -0.392766, 0.144193, 0.0300008, -0.230678, -0.0465444, 0.0392981, -0.125683, 0.116632, -0.0524999, 0.0965315, -0.099061, 0.0678201, -0.101258, 0.0242032, -0.15282, -0.0385833, 0.0195921)
(-529.214, -367.677, 2001, 0.274316, 0.0645897, -549.071, -372.571, -1.1066, 0.503946, 0.404149, -0.177249, -0.399128, 0.0989663, 0.243781, -0.042293, -0.1978, -0.108952, 0.0624335, -0.0541582, -0.067803, -0.0666601, 0.113489, 0.0937013, 0.03162, -0.0147318, -0.04248, -0.151645)
(-702.408, -717.153, 2001, 0.158688, 0.135638, -713.125, -727.333, -1.80572, 0.924586, -0.380964, -0.509275, -0.014144, 0.179106, 0.1289, -0.317145, -0.0994703, 0.0858439, -0.0880296, 0.0911003, -0.0287353, -0.15178, 0.0488085, 0.0311171, -0.0668718, -0.0747, 0.140926, 0.00159298)
(-641.995, -603.013, 2001, 0.0966312, 0.0935284, -649.938, -610.125, -0.590164, -0.636647, 0.268595, 1.79565, -0.0189008, -0.309594, -0.00945117, 0.0422322, -0.155686, -0.205611, -0.0749385, 0.164134, -0.272723, -0.083486, 0.197848, 0.0770425, 0.0318925, -0.0655397, -0.318816, -0.092097)
(-563.559, -649.869, 2001, 0.221828, 0.115445, -578.944, -657.667, -1.18188, -0.0652659, 0.662589, -0.329041, -0.624036, -0.139637, -0.0697305, -0.0906306, -0.0765737, 0.0502011, 0.169929, 0.0736431, -0.310235, 0.0338706, -0.209928, 0.0253548, 0.174858, -0.00390076, 0.213411, -0.00155372)
(-594.908, -728.866, 2001, 0.2237, 0.123227, -611.375, -737.375, -1.32738, 1.05617, 0.0179168, 0.4195, -0.255032, -0.0852166, 0.233119, -0.18734, -0.141665, -0.14455, -0.100545, 0.0145179, 0.0529513, -0.168677, 0.103408, 0.13524, -0.0899757, 0.0300168, 0.0170476, 0.0556887)
(-477.398, -686.05, 2001, 0.154255, 0.140426, -489, -695.8, 0.225953, -1.43308, 0.428563, 0.319356, 0.198634, -0.598859, -0.0235086, 0.0609469, -0.116358, 0.107107, 0.159426, 0.0207492, -0.090242, 0.0822197, 0.0335349, -0.0139923, -0.00676569, -0.286384, -0.135056, -0.0265834)
(-478.353, -790.198, 2001, 0.0477112, 0.0760799, -482.364, -796.182, -1.5273, -0.630038, -0.907342, -0.836715, -0.303041, -0.243277, 0.227944, -0.270304, 0.0590799, 0.0519677, -0.333812, -0.217141, -0.0204337, 0.120796, 0.0849761, 0.0200719, 0.0533056, -0.135582, -0.145778, 0.160428)
(910.02, 125.123, 2001, -0.213171, 0.157447, 925, 114.114, 1.80043, 0.446285, 0.183485, -0.559186, 0.112939, -0.125863, -0.166411, -0.0603798, 0.0210592, 0.240588, -0.145158, 0.116577, 0.0348828, -0.0475659, 0.00721973, 0.0233133, -0.0885253, -0.142334, 0.131206, -0.0206915)
(984.686, 0.0091203, 2001, -0.0887106, 0.00499942, 990.836, -0.655738, 0.33758, -0.300648, 0.0761702, -0.254318, 0.090363, -0.271704, -0.103125, 0.0572341, -0.110019, 0.029221, -0.1005, -0.116719, -0.00714186, 0.100261, 0.122423, 0.00514808, 0.00134063, -0.0527029, 0.00812129, -0.00690882)
(860.523, -81.9561, 2001, -0.228132, 0.0621749, 876.033, -86.4667, 1.61873, -0.299536, 0.546161, -1.03636, 0.19511, 0.101657, 0.149238, -0.00679723, 0.413937, -0.102558, -0.0401085, 0.16074, 0.0292603, -0.108425, -0.107369, -0.08523, 0.0337162, 0.00109021, -0.00124385, -0.0395112)
(948.729, -203.182, 2001, -0.191188, 0.0383281, 962.447, -206.298, 1.43348, 0.193578, -0.00325189, 0.11381, 0.145377, -0.0237715, -0.0176967, 0.142207, 0.222436, -0.0966129, 0.150096, 0.101085, -0.0444437, -0.0437576, 0.00346433, 0.0966231, 0.0363581, -0.0616465, -0.0479923, -0.0362088)
(718.965, -7.94131, 2001, -0.249916, 0.18541, 736.381, -21.8571, 1.43274, -0.656836, -0.0426634, -0.770377, 0.153902, 0.0311225, -0.337438, 0.20603, 0.193902, -0.0623667, 0.000518122, -0.194376, -0.164725, -0.207523, 0.0680468, 0.0956208, -0.010679, -0.00764672, -0.0991242, -0.101867)
(765.013, -188.96, 2001, -0.25591, 0.0245272, 781.958, -190.792, 2.38562, -0.322352, 0.410305, -0.610685, 0.423943, -0.165602, -0.0646937, -0.476466, 0.145778, 0.228663, 0.198296, -0.132685, 0.226136, -0.247998, 0.01667, -0.20898, -0.196697, 0.0582711, 0.0405947, 0.0757021)
(541.777, -71.6554, 2001, -0.285714, 0.122087, 561.321, -80.3571, 2.54887, -0.954259, -0.802302, 0.510544, 0.142846, -0.0504421, -0.0206463, -0.30619, 0.0497034, 0.0412276, 0.0847453, -0.0393308, -0.0438827, -0.145168, 0.0386841, 0.0504857, 0.0342164, -0.0808505, -0.0228859, 0.0556765)
(853.466, -353.477, 2001, -0.239583, 0.00531915, 870.438, -353.688, 1.70151, 0.154572, 0.672102, -0.287839, 0.0515462, -0.318592, 0.0499387, 0.098718, -0.0731016, -0.135432, -0.117624, -0.142257, 0.0691295, -0.179646, 0.0281396, -0.132312, 0.0554044, 0.00497453, 0.0591801, 0.0548609)
(660.582, -261.706, 2001, -0.242185, 0.0890465, 677.037, -268.444, 0.48336, -1.3207, 0.230578, 0.627317, -0.0545212, 0.251816, 0.477616, -0.274795, -0.0289599, -0.0883703, -0.0680283, 0.0582045, 0.162442, 0.0585301, 0.0608817, 0.0574396, -0.0593019, -0.0130959, 0.0560953, -0.100247)
(751.875, -359.497, 2001, -0.220301, 0.0259309, 767.625, -360.844, 1.12887, 0.425209, 0.0880372, -0.581139, 0.366756, -0.139914, 8.40769e-05, -0.090761, 0.250266, -0.0355853, 0.187312, 0.056961, 0.23449, -0.134563, -0.1562, 0.117538, 0.0740522, -0.0384732, 0.0882071, 0.0472787)
(752.731, -500.54, 2001, -0.191046, -0.00265957, 765.969, -500.625, 1.59999, -0.924336, 0.454998, -0.325348, 0.155711, -0.00948634, -0.119005, -0.0112383, 0.0918856, 0.0237078, 0.0510428, -0.0563231, 0.0244863, -0.0415981, 0.0766989, 0.0756229, 0.0785168, 0.0718801, 0.0900892, 0.165992)
(586.626, -388.986, 2001, -0.221336, -0.0673759, 602.458, -384.542, 2.08048, 0.953333, -0.0274105, -0.014448, 0.400766, 0.121902, 0.022535, -0.197429, -0.0220925, -0.0800613, 0.230957, -0.195059, 0.118023, 0.0304894, -0.184073, -0.0933261, -0.0393658, -0.0723847, -0.11113, -0.0696333)
(500.514, -525.474, 2001, -0.0944149, 0.0875443, 507.438, -531.125, 0.074175, -1.49516, 0.115807, 0.19114, 0.451212, 0.292119, 0.119609, -0.271329, 0.292573, 0.120015, 0.137066, 0.0423784, -0.166315, -0.0152413, 0.0758321, -0.12382, -0.0868026, -0.108521, 0.0528416, -0.123396)
(605.404, -633.614, 2001, -0.201684, 0.0653812, 619.719, -638.25, 1.32475, -0.447115, -0.0466159, -0.0828672, 0.0663838, 0.0251044, -0.197265, 0.225916, 0.120756, 0.0200822, 0.175273, -0.0928611, 0.0028852, -0.0979411, -0.0118751, -0.0209712, 0.1099, -0.0805478, -0.135951, -0.150801)
(-337.716, 989.416, 2001, 0.141371, -0.0775414, -349.6, 994.533, -5.07183, 0.432844, -0.0783429, -0.19206, -0.313759, 0.0847939, 0.0758547, 0.0985331, 0.0890432, -0.0454073, 0.0643113, -0.193196, -0.278973, -0.067846, 0.00984872, -0.0575372, -0.157623, -0.0651128, 0.076904, 0.105793)
(-257.77, 934.089, 2001, 0.0808511, -0.255319, -264.2, 953, -1.95034, 2.81747, 0.752033, -0.89647, 1.0278, -0.945037, -0.0756736, -0.221577, -0.240304, -0.858744, 0.0382636, 0.16272, -0.213942, 0.27183, -0.338036, -0.29929, -0.368928, 0.122836, 0.157166, -0.0739123)
(-228.432, 915.474, 2001, 0.255319, -0.20331, -245.333, 930, 1.99128, 3.00033, 1.14424, 1.05974, -0.375049, -0.386212, -0.221429, 0.431553, -0.126116, 0.00137827, -0.0267943, 0.539633, -0.19398, -0.362594, 0.0890644, 0.43529, -0.43781, -0.209561, 0.0248756, -0.302636)
(-174.042, 899.722, 2001, 0.234043, -0.166667, -189.5, 912, -1.69919, -1.61772, -0.635337, 0.500948, -0.261518, 1.63225, 0.551997, -0.376909, 0.551536, 0.59272, -0.841305, 0.0777285, 0.277086, 0.593872, -0.453421, -0.393625, -0.294982, 0.166119, -0.158572, -0.051833)
(-112.672, 904.487, 2001, 0.0329281, -0.216819, -115.643, 919.5, 1.62615, 2.43513, -0.631136, 1.38155, -0.480315, 0.00476982, 0.138431, -0.286263, 0.189996, -0.345138, -0.0519923, 0.109357, -0.0478269, 0.0942134, -0.309998, -0.157786, -0.0971235, 0.185273, 0.0938589, -0.10492)
(-98.8641, 836.598, 2001, 0.213475, -0.121986, -114.3, 846, -1.14308, 0.899555, -0.878488, 0.399537, -0.23798, -0.149971, 0.225241, -0.11298, -0.0819596, 0.00574794, -0.27169, 0.0162836, 0.122877, 0.00927918, 0.0883386, 0.0316872, -0.245764, 0.0768188, 0.0750884, 0.331799)
(-1.6784, 914.734, 2001, 0.121749, -0.242317, -10, 933, -0.0242451, 2.8558, 0.803064, -0.0726225, -0.265381, 0.302074, 0.642865, 0.396851, 0.149234, 0.124038, 0.0816539, 0.319725, 0.00249063, -0.231399, -0.180015, -0.303094, -0.196477, 0.277399, 0.0792608, 0.000345916)
(-25.7803, 776.783, 2001, -0.00189125, -0.213239, -25.8, 790.667, -0.524547, 0.561708, -0.336842, -0.394611, 0.137973, 1.03009, 0.329019, 0.146921, 0.412858, 0.342165, -0.0089774, -0.225862, -0.137789, 0.043954, -0.11017, -0.0635958, -0.047687, 0.147819, -0.0223882, 0.0116765)
(52.0443, 781.709, 2001, -0.0275344, -0.270755, 54.2941, 801.588, -0.180043, 1.80315, 0.479259, -0.259925, -0.231482, 0.730421, 0.266394, -0.223313, 0.103738, 0.291453, -0.0674967, 0.238751, 0.0351743, -0.0352348, -0.161169, 0.0816477, 0.0436907, 0.0811884, 0.0646241, -0.0759248)
(60.4057, 865.808, 2001, 0.0458265, -0.235134, 58.4615, 882.231, -0.369302, 0.16088, 1.49214, -0.305444, -0.2812, 0.164179, -0.0608316, 0.164657, -0.308783, 0.109552, 0.234407, -0.251556, -0.154445, 0.320774, 0.0984764, -0.156607, -0.0905391, 0.0357759, 0.168037, -0.0334828)
(121.493, 839.449, 2001, -0.064539, -0.223404, 125.7, 855, 1.06637, 2.06579, 0.145635, 0.0764935, 0.45486, 0.191738, -0.229427, 0.373686, -0.138351, -0.0725815, -0.0173633, 0.190695, 0.468964, 0.0536901, -0.0924336, 0.140611, 0.210874, -0.0478418, 0.0292476, 0.187682)
(206.415, 930.163, 2001, -0.163909, -0.162333, 217.333, 941.333, -1.08989, -0.294618, -0.176907, -0.47713, 0.482064, 0.74704, 0.631836, -0.0746764, 0.405811, 0.154733, -0.0943529, 0.0687679, -0.140821, 0.0945511, -0.0487292, 0.149444, 0.0127057, -0.0307283, -0.0230323, 0.192979)
(240.74, 820.784, 2001, -0.0966312, -0.216755, 248.688, 835, 0.821874, 2.1189, 0.0857047, -0.0991516, 0.12307, 0.292368, -0.385255, 0.494679, 0.0875081, -0.0665375, 0.000942495, 0.197836, 0.102672, 0.157725, 0.0765308, 0.378729, 0.0351221, 0.0782227, -0.2259, -0.073693)
(329.384, 882.517, 2001, 0.0223964, -0.197462, 327.789, 897.105, -1.0905, 2.20478, 0.0440497, -0.317387, -0.333539, 0.266686, -0.128103, 0.327, 0.106977, -0.180312, 0.117161, -0.0571348, 0.155651, 0.0526074, -0.000159959, -0.0142868, 0.0681975, 0.17374, 0.0800979, -0.0171165)
(-990.452, 3.54437, 2001, 0.0472813, 0.0453901, -993.95, 0.466667, 0.466047, -0.418941, -0.00901977, 0.206449, 0.0671429, -0.0774151, 0.0178415, -0.115328, -0.0368299, 0.0190511, 0.0129923, 0.102882, -0.000534776, -0.0172411, -0.0150237, -0.0349401, 0.018592, 0.0131425, -0.0150031, -0.0540115)
(-997.795, 94.7725, 2001, 0.0171395, 0.0492514, -998.972, 91.1667, -0.300018, -0.00177403, 0.264056, -0.10905, 0.120543, -0.287007, 0.126047, 0.0084793, 0.0807351, 0.0348115, 0.0147854, -0.0358511, -0.0332316, 0.0177351, -0.082407, -0.103788, 0.000255154, -0.0796805, 0.0860907, 0.0357153)
(-986.327, 173.421, 2001, 0.058647, 0.0193672, -990.846, 172, -1.27275, 0.694089, -0.669679, -0.103993, -0.0264052, -0.0531609, -0.192825, 0.0187241, 0.102189, 0.0985832, -0.0182372, -0.181094, 0.158627, 0.0441017, 0.0121115, -0.108908, -0.099725, -0.0570181, -0.0724626, 0.0517384)
(-894.812, 242.359, 2001, 0.240189, 0.0732861, -911.8, 236.733, -0.584673, 0.142368, -0.554105, 0.211447, -0.0729669, 0.755735, 0.232897, 0.00512794, -0.10931, -0.0944646, 0.278269, 0.0831989, 0.137875, 0.0133618, 0.0777454, 0.355281, -0.189668, -0.0520073, 0.00796597, -0.0425014)
(-757.872, 173.343, 2001, 0.262103, -0.113167, -775.565, 181.652, -1.12098, 0.157136, -0.179168, 0.601631, -0.321707, -0.0384162, 0.298953, 0.313522, -0.0609631, 0.239935, -0.159971, 0.256696, 0.0488993, -0.148307, -0.0565402, 0.0815374, 0.0396768, -0.00732721, 0.0306331, 0.00829986)
(-771.554, 295.235, 2001, 0.222304, -0.157985, -787.103, 306.345, -2.28258, 0.557632, 0.394307, 0.247236, -0.473333, 0.0791654, -0.138705, 0.27855, -0.0925341, 0.245123, 0.248024, 0.0579594, 0.00869084, 0.038253, 0.1122, -0.115992, -0.0517899, 0.150146, -0.0221007, -0.0129576)
(-654.047, 267.841, 2001, 0.269275, -0.0331732, -673, 269.194, -0.786354, 0.208008, 0.306676, -0.163676, -0.270411, 0.138732, 0.260662, 0.114723, -0.0516573, -0.0397353, -0.2886, 0.154987, -0.0863982, -0.0821552, -0.0709136, -0.0339684, -0.0861119, 0.134441, -0.0302539, -0.0379591)
(-517.892, 160.149, 2001, 0.297297, -0.0509872, -538.541, 163.811, -1.56139, 0.840379, 0.502716, 0.406653, -0.679514, 0.295074, 0.224298, 0.0467337, -0.166449, 0.115925, -0.0251138, 0.0018215, -0.0660787, 0.0811192, 0.0334871, 0.121442, -0.137753, 0.104306, 0.0680675, 0.096482)
(-771.31, 398.628, 2001, 0.17706, -0.15774, -783.207, 409.862, -2.05958, 1.17341, -0.155164, 0.330433, 0.211093, 0.0322714, 0.107563, -0.0377334, 0.0357296, -0.104838, 0.0520304, 0.00519301, -0.190046, -0.00844458, 0.0956307, 0.0194979, 0.00371746, -0.0400545, -0.0512351, 0.0212763)
(-538.214, 388.29, 2001, 0.228323, 0.0400366, -554.323, 385.645, -1.75792, -1.87903, -0.130946, 0.495737, -0.590095, -0.286672, -0.165354, -0.00630958, -0.263863, -0.151474, 0.218454, 0.0223856, -0.00212861, 0.114682, -0.0605037, 0.0986055, -0.00680612, -0.0340051, -0.107615, -0.0642389)
(-545.472, 561.244, 2001, 0.119254, -0.178881, -553.37, 574.926, -0.298873, 0.809359, -0.219994, -0.787959, -0.152706, 0.0790238, 0.0515767, 0.0315464, -0.152132, 0.03971, 0.160721, 0.0877837, -0.0461441, -0.056919, 0.0637875, 0.0181026, -0.0256994, 0.0698915, 0.0155499, -0.0890537)
(-693.626, 536.59, 2001, 0.163854, 0.0107606, -705.31, 536.931, -1.31757, 0.448303, 0.124852, 0.263567, 0.0807767, -0.203758, -0.398349, 0.0840747, -0.0366637, -0.0038407, -0.10753, -0.165121, -0.0863041, 0.0929466, -0.0506663, 0.0748298, 0.0247901, -0.0356602, -0.0761798, 0.0542937)
(-705.101, 691.094, 2001, 0.217772, -0.00292032, -719.294, 693.059, -1.96607, -0.349552, -0.0444567, -0.78152, -0.266159, -0.698294, -0.101649, -0.150259, 0.118118, -0.141689, 0.22213, 0.0382531, -0.260478, 0.0216588, -0.078533, 0.0647992, 0.0758858, 0.0597803, 0.0721882, 0.0457217)
(-581.896, 708.499, 2001, 0.13035, -0.101492, -591.379, 714.379, -0.252809, -0.906675, 0.0531085, -0.327056, -0.287174, 0.201549, -0.0954529, 0.0896417, -0.192485, 0.0437442, -0.111002, 0.0883543, 0.0159705, -0.0324582, -0.129891, -0.01891, 0.0483826, 0.00107436, 0.0425537, -0.00910982)
(860.592, 507.375, 2001, -0.166989, -0.0977864, 871.667, 513.515, 0.58074, 0.59189, -0.0123558, 0.63981, 0.451183, 0.110791, -0.153066, -0.0504376, 0.0887092, -0.247632, 0.0569155, -0.141605, -0.00149512, 0.0902434, -0.211554, 0.112762, -0.0348382, 0.0130091, -0.0747257, -0.0870457)
(782.198, 362.786, 2001, -0.231742, -0.0116925, 798.405, 363.811, 1.15283, -0.617237, -0.262187, 0.530745, 0.257641, 0.117375, 0.104934, 0.141536, 0.163826, 0.0309413, 0.0861252, -0.0612444, 0.0579634, -0.0993797, 0.00606308, -0.0145222, 0.0662143, 0.0735951, 0.139545, 0.081629)
(651.887, 392.407, 2001, -0.211584, -0.0100473, 666.528, 393.306, 0.932348, 0.416465, 0.663859, 0.227443, 0.436534, 0.0163666, 0.129546, 0.0814046, 0.255382, 0.338466, 0.0874967, 0.0642484, 0.0712454, -0.038709, -0.00372976, -0.191526, -0.14594, 0.110863, -0.0911571, 0.0524616)
(782.085, 628.375, 2001, -0.0929078, -0.0439716, 788.85, 631.9, 0.318791, 0.851701, -0.487061, -0.0874304, 0.0250908, -0.145736, 0.323698, -0.0439565, -0.155714, -0.0347181, -0.0247015, -0.133924, 0.265953, -0.230888, 0.143168, 0.179348, 0.014781, -0.0721882, -0.192347, 0.0081245)
(726.339, 535.868, 2001, -0.135343, 0.00236407, 735.208, 535.417, 0.436225, 0.0515523, 0.457699, -0.0681304, 0.404427, 0.236436, 0.191098, -0.098457, -0.0737087, -0.20248, -0.0144472, -0.20736, 0.199303, -0.0621801, -0.213474, 0.149159, -0.000830539, -0.0549325, -0.0218073, 0.207514)
(793.061, 747.523, 2001, -0.216499, -0.00410601, 808.789, 748.211, 1.528, 0.637834, -0.0171348, 0.436403, 0.334055, 0.278547, -0.0815867, -0.0094682, -0.110347, 0.110715, 0.0549345, 0.300561, 0.00162881, 0.20951, 0.0311387, 0.0815201, 0.102783, 0.00912332, -0.0163736, 0.00758782)
(638.845, 670.051, 2001, -0.165012, -0.12104, 649.9, 678, 0.34036, -0.0519418, -0.262836, 0.305253, 0.503605, 0.435721, 0.0201339, 0.0489317, 0.0503372, -0.0613258, -0.181585, -0.189871, 0.0410228, 0.193261, 0.15542, 0.135568, 0.118646, 0.077425, 0.080863, 0.0634751)
(771.312, 848.984, 2001, -0.198164, -0.0379641, 784.824, 851.765, -1.47032, 0.995546, 0.115073, 0.477392, 0.609834, -0.552102, -0.351254, -0.0658414, 0.262722, 0.0433698, -0.0476341, -0.104057, 0.327482, -0.128342, 0.0814895, 0.0553106, 0.117118, -0.00838246, -0.0724727, 0.0369954)
(682.845, 764.796, 2001, -0.0841813, -0.147086, 689.087, 774.739, 1.22235, 1.73365, -0.188979, 0.176709, 0.0416835, -0.187631, 0.178389, 0.338805, -0.0865072, 0.192022, 0.36803, 0.030782, -0.0973268, 0.107495, 0.0765878, 0.195774, -0.0385044, -0.178805, -0.0204341, 0.0353251)
(789.069, 997.118, 2001, -0.113475, 0.0202984, 797.241, 996.862, 1.61829, -0.341853, 0.251599, 0.106174, 0.169415, -0.0187057, -0.0760247, -0.213517, -0.00822623, -0.270229, 0.00358813, -0.120712, 0.0987343, -0.115274, -0.0939297, 0.161052, 0.000827635, -0.0589298, 0.0301814, -0.0257219)
(715.423, 986.807, 2001, -0.0888889, -0.0205674, 721.6, 987.9, -0.627454, 0.351652, 0.250035, 0.0890299, 0.358815, -0.126054, 0.245499, -0.0351667, 0.290949, 0.0979154, 0.0434059, -0.0412267, -0.11147, -0.0309358, -0.00230291, 0.165623, 0.0739739, 0.124658, -0.0449032, 0.1783)
(640.849, 986.614, 2001, -0.157717, 0.0145221, 652.81, 985.81, 1.56441, -1.25223, 0.0463546, -0.016709, -0.292366, -0.174188, -0.379408, -0.246515, 0.27599, 0.124422, -0.0675036, -0.0937789, 0.241823, -0.309687, -0.064445, -0.106094, 0.140871, 0.0165564, -0.0276, -0.0151507)
(455.111, 854.124, 2001, 0.111702, -0.236702, 447.312, 870.438, -0.683868, 1.61551, 0.314707, 0.67702, -0.529369, -0.0565801, -0.0242665, -0.0195967, -0.341324, 0.00669504, 0.208018, -0.214695, 0.166012, 0.0380468, 0.201531, 0.0204565, -0.0436106, -0.133613, 0.0699188, 0.0540398)
(448.924, 997.908, 2001, -0.130496, -0.0262411, 458.5, 999.3, 0.562911, 0.755662, -0.443588, 0.477663, 0.849865, -0.223637, 0.338495, -0.0392193, 0.531738, -0.143332, 0.0348549, -0.0173805, -0.275891, 0.268961, 0.0244339, 0.0571015, -0.0131041, 0.0053146, -0.134468, 0.252927)
(657.793, -870.831, 2001, -0.214736, 0.0130024, 672.722, -870.833, 1.03664, -1.05624, 0.292933, -0.220689, 0.180248, 0.382367, -0.42816, 0.16376, 0.0168254, 0.178369, -0.0190731, 0.139844, 0.176213, -0.00857913, -0.0689508, 0.0697714, 0.0279857, 0.0128923, -0.010363, -0.00465702)
(807.575, -999.011, 2001, -0.0909091, 0.0154739, 814.545, -999.455, 1.58716, 1.43343, -0.253348, 0.0705206, 0.742673, 0.114648, 0.320973, -0.0274095, 0.062633, 0.184105, 0.0367215, 0.374187, 0.116051, 0.0993935, 0.239237, 0.0393067, 0.0320579, 0.171094, 0.00909417, 0.117317)
(827.085, -999.776, 2001, -0.0283688, 0.00322373, 829.091, -1000, -0.0901657, -0.275342, -0.101106, 0.424832, -0.338776, -0.397433, 0.197317, 0.109885, -0.0105968, 0.0915213, -0.182768, -0.0103432, -0.364764, -0.0616437, -0.111246, 0.296043, -0.0823344, -0.0188828, -0.0421247, 0.146998)
(847.034, -996.966, 2001, -0.263593, 0.0378251, 865, -998.667, 0.379788, 0.530778, -0.504901, -0.325315, -0.357173, -0.577568, -0.0891823, -0.115763, 0.246858, -0.0722382, -0.220125, -0.131284, 0.162716, -0.205984, -0.180877, -0.333749, -0.0253179, 0.257901, -0.259186, 0.0626625)
(770.105, -868.503, 2001, -0.137285, 0.085613, 780.857, -874.214, -0.199835, -0.652036, 0.0999924, 0.12511, -0.428911, 0.137291, 0.137399, 0.0807171, -0.0500807, 0.202456, 0.127271, 0.212709, 0.0655415, -0.219013, 0.0328464, -0.0152745, 0.054748, 0.00456939, -0.147313, 0.0230323)
(722.524, -978.047, 2001, -0.227457, -0.00253293, 738.429, -978, 1.26781, -0.31484, -0.717056, -0.329464, 0.180618, -0.0482695, 0.141473, 0.203525, 0.37038, 0.346131, 0.188089, -0.483374, 0.20906, -0.281726, -0.066365, -0.0583791, 0.120425, 0.131546, 0.218299, -0.0142683)
(822.644, -999.109, 2001, -0.106383, -0.0212766, 829.5, -998, 1.12795, -0.474715, 0.748125, -0.88303, -0.560197, -0.833728, -0.186631, -0.467595, 0.706075, 0.540016, 0.499271, -0.710827, -0.433582, 0.300051, 0.151994, 0.290868, -0.180647, 0.307259, -0.486308, -0.214109)
(827.229, -998.31, 2001, -0.0035461, -0.0106383, 827, -998.5, 0.762858, 1.19303, 0.187384, 0.237788, 0.230383, 0.791975, -0.350438, -0.0125439, 0.12693, 0.135638, -0.182315, -0.607839, -0.658826, 0.127866, 0.140355, 0.440667, -0.382271, -0.0477665, 0.0460913, -0.353374)
(771.762, -992.889, 2001, -0.190845, 0.0070922, 785.545, -993.091, 0.28396, 0.569544, -0.369003, -0.492888, 0.268392, 0.442814, 0.62662, 0.299517, 0.143372, 0.106833, 0.0972898, 0.020068, 0.0155401, -0.309637, 0.100832, 0.0211629, 0.0905361, -0.12459, -0.195487, -0.053062)
(872.276, -937.088, 2001, -0.0502901, 0.098646, 875.273, -944.182, -0.221947, -1.89171, -0.418196, 0.874688, -0.00776914, 0.931977, -0.0914779, 0.262054, 0.0459382, -0.0489735, 0.132812, -0.0720455, 0.134404, 0.20534, 0.139176, 0.0754165, -0.0248826, -0.0108852, 0.308868, -0.0286814)
(827.737, -972.419, 2001, 0.0253293, 0.0557244, 825.286, -976.857, 2.26529, 0.274575, -0.969042, 0.65805, -0.423198, 0.0284476, 0.133471, -0.222393, -0.435401, 0.201836, -0.299612, -0.105031, -0.310761, 0.184812, -0.143171, -0.00860329, 0.18977, -0.165111, -0.127101, -0.201816)
(808.184, -937.81, 2001, -0.144208, 0.154846, 818, -947.167, 2.66944, -1.58744, -1.08829, -0.783227, 0.633875, 0.00511983, 0.647048, -0.143393, 0.101504, -0.103802, -0.183054, 0.0578919, 0.232734, 0.235345, 0.134175, -0.173911, -0.194137, -0.249978, -0.00589284, 0.118313)
(893.113, -859.586, 2001, -0.0490544, 0.144208, 896.417, -869.5, 0.0391183, -0.774549, -0.560524, -1.10287, -0.0568032, 0.322313, -0.230796, -0.587776, -0.08435, -0.0480019, 0.250432, 0.182454, -0.0723058, 0.0330393, -0.0312301, 0.0587643, -0.0159801, -0.0146694, -0.0185387, 0.0910411)
(884.363, -993.587, 2001, -0.18845, 0.0628166, 898.286, -998.857, 0.627932, -1.26403, -0.887937, -0.362395, 0.302408, -0.113695, 0.127234, 0.52237, 0.300197, -0.388905, 0.480226, -0.0136165, -0.54148, 0.412725, -0.304064, -0.0142497, 0.070432, -0.108827, -0.217699, -0.0468339)
(-985.527, -259.941, 2001, 0.0616627, 0.0488574, -989.944, -263.528, -0.459595, -0.101248, 0.107917, 0.323294, -0.262209, -0.0122384, -0.165856, 0.0261182, -0.206604, 0.0769619, 0.0399949, -0.206715, 0.0740803, 0.372988, 0.138951, -0.0104074, -0.109276, -0.0931291, 0.00926472, 0.033999)
(-989.5, -127.98, 2001, 0.0557792, 0.149511, -993.054, -138.054, 0.267143, -0.764357, -0.25085, -0.341252, 0.105979, -0.32013, 0.145981, 0.206996, 0.0491364, -0.187529, 0.12816, 0.102912, -0.0786243, -0.0271444, 0.0211833, 0.151706, 0.057885, 0.0430728, -0.0602558, 0.110793)
(-611.821, -216.202, 2001, 0.239716, -0.0475177, -628.85, -212.25, -1.23856, -0.38787, -0.121984, -0.40826, -0.659494, 0.0541583, -0.294288, -0.311606, -0.0887422, 0.108438, -0.277735, 0.0369478, -0.0914155, -0.16406, 0.169716, -0.0285859, -0.0222768, 0.112993, -0.0617818, 0.00858003)
(-718.245, -115.791, 2001, 0.220213, 0.0333333, -733.9, -117.8, -2.19883, -1.54224, -0.426622, 0.450674, -0.506016, 0.37035, 0.248355, 0.282922, -0.201408, 0.0552826, 0.124677, 0.186545, -0.179364, 0.0194213, 0.20172, 0.0995846, 0.00280988, -0.111763, 0.0243751, 0.0675044)
(-840.185, -40.5924, 2001, 0.282801, -0.0144799, -860.5, -39.125, -1.66194, -0.180236, 0.358439, -0.559347, 0.029105, -0.153186, 0.384416, -0.0114844, 0.0154213, -0.230597, -0.0804093, -0.0882245, 0.0234926, -0.102908, 0.0337458, -0.01921, -0.103275, 0.0610084, 0.056169, 0.027981)
(-551.176, -39.4695, 2001, 0.25721, -0.0827423, -569, -34.2, -0.348404, -0.0595884, -0.49894, 0.98147, -0.233994, 0.0118586, -0.0834517, -0.377464, -0.251041, -0.247369, -0.0453744, -0.229311, 0.0235338, 0.250218, -0.0266414, 0.0325626, 0.0718151, -0.0840947, 0.0958224, 0.00668)
(-667.953, 74.2983, 2001, 0.258543, -0.00107458, -686.303, 75.3939, -0.430362, -0.228232, 0.0728273, 0.114655, -0.127955, 0.405689, -0.0159533, 0.187117, -0.249476, 0.378655, -0.0321693, -0.180186, 0.0213817, 0.133283, 0.00585695, -0.00363835, -0.0799892, -0.0685636, -0.143377, -0.0407525)
(-892.543, 98.4079, 2001, 0.266776, 0.0441899, -910.769, 96.4615, -1.11809, -4.23581, 0.615029, 0.106231, -0.24726, -0.237992, 0.372321, -0.215104, 0.2322, 0.229951, 0.298697, 0.320442, -0.364882, -0.0801304, 0.168461, 0.0330093, -0.134138, -0.140554, 0.0930174, -0.0444583)
(-991.15, 240.218, 2001, 0.0818331, -0.0578287, -998.154, 245.538, 1.21992, 0.364501, -0.589336, -0.544307, 0.93138, -0.00584764, 0.171046, 0.0404798, -0.026359, 0.220681, -0.0131176, 0.0226824, -0.142908, 0.130648, -0.0478129, 0.0204568, -0.0677274, -0.105836, -0.278962, -0.145659)
(-984.86, 295.788, 2001, 0.097771, -0.02077, -991.929, 297, 0.0821142, -0.747661, -0.182965, 0.399167, 0.0370583, 0.071584, -0.114782, -0.329883, 0.14162, -0.0301039, 0.434467, 0.117503, -0.0997798, 0.392436, -0.0753168, -0.0759699, 0.118701, -0.0346749, -0.0725288, 0.0443106)
(-991.972, 349.436, 2001, 0.0769231, -0.0409165, -996.692, 352, -0.846963, -0.151405, -0.585859, 0.948473, 0.0902341, 0.25631, -0.350188, -0.149071, -0.1426, -0.276151, -0.15813, -0.0767089, 0.0270744, 0.114006, 0.0491164, 0.104271, 0.30452, 0.21494, 0.0694483, 0.0602609)
(-893.4, 345.692, 2001, 0.223613, 0.0342094, -907.824, 343.471, -1.72921, -1.61085, 0.517892, -0.885386, 0.198735, -0.00856529, -0.118855, 0.107568, 0.131052, 0.586607, -0.1269, -0.28093, -0.103113, -0.141137, 0.10482, 0.00372407, -0.0293386, -0.126026, 0.106555, 0.0999602)
(-895.279, 437.24, 2001, 0.244681, 0.025266, -912.938, 436.5, -2.1002, -2.44127, 1.00344, 0.344934, 0.292528, -0.198311, -0.118815, 0.0497803, -0.193774, 0.103401, 0.127618, -0.0516055, 0.00982938, -0.329944, -0.117382, -0.192218, -0.0202683, 0.270651, -0.0308551, -0.165853)
(-818.818, 505.802, 2001, 0.18008, -0.104841, -831.565, 512.957, -0.734859, 0.0519332, 0.315911, -0.612669, 0.120383, -0.0990609, -0.534729, -0.159132, -0.233201, -0.0937079, 0.00998166, 0.256785, -0.128119, 0.0111033, -0.130938, 0.0391328, -0.111666, 0.0810633, -0.221176, -0.0167845)
(-846.903, -989.313, 2001, 0.162107, 0.035461, -858.381, -991.357, -1.39225, 0.948995, -0.0471239, -0.25684, 0.173179, 0.322149, -0.0497202, -0.0772512, -0.065882, 0.0413071, -0.121062, 0.0299254, -0.129883, -0.0125068, -0.0658966, -0.00694834, -0.0459076, 0.0415646, 0.0800604, 0.0333205)
(-958.639, -977.791, 2001, 0.149443, 0.0714286, -968.357, -981.857, -0.147119, -0.85035, -0.706717, -0.242553, 0.333056, 0.110203, -0.194083, -0.115187, -0.0989796, -0.34946, -0.0271198, 0.0898523, 0.123491, -0.00673689, 0.05928, 0.0358165, 0.229009, 0.0442538, 0.0227476, 0.0934795)
(-860.792, -866.849, 2001, 0.151638, 0.0439041, -871.333, -869.524, -0.864948, -0.692229, -0.0230757, 0.153413, -0.0781786, -0.0349711, 0.00163579, -0.0706726, 0.155493, -0.0404157, -0.358591, -0.101237, -0.0531762, 0.214638, 0.0559365, 0.0937295, -0.0319239, 0.0178361, 0.0101086, 0.0601756)
(-976.631, -903.691, 2001, 0.00930851, 0.0611702, -977.688, -907.375, 0.25827, 0.726346, -0.186153, 0.997962, 0.0112017, -0.686402, -0.00442734, -0.011733, 0.112731, 0.03179, 0.0830334, -0.0729209, 0.277919, -0.258515, -0.0599769, -0.104855, -0.0978789, -0.190979, -0.0826152, -0.153669)
(-964.969, -817.171, 2001, 0.10591, 0.0836879, -971.467, -822.267, 0.331472, -0.528251, -0.414036, 0.418594, 0.248093, -0.242309, 0.377091, -0.298386, -0.893872, 0.255922, -0.283564, 0.321906, -0.00549883, 0.091313, 0.0428134, -0.0548773, -0.142452, 0.163385, 0.129847, -0.0642865)
(-985.06, -750.659, 2001, 0.108317, 0.0783366, -992.318, -756.091, 0.741998, 0.638197, -0.0549705, 0.255441, 0.0876724, -0.110974, 0.051181, 0.357965, 0.0189463, -0.21582, 0.179542, -0.435216, -0.187895, -0.113016, 0.0481566, -0.0491224, 0.0408365, -0.010792, -0.147439, 0.120885)
(-888.409, -739.027, 2001, 0.184144, 0.0618034, -902.107, -743.607, -0.103339, 0.157993, 1.01624, 0.281748, 0.1578, -0.428645, -0.208093, -0.266248, -0.440712, 0.0990954, 0.0804515, -0.0805252, -0.277496, 0.0130324, -0.0575344, -0.0609927, 0.176109, -0.000757003, -0.0570667, 0.0886013)
(-992.025, -681.016, 2001, 0.102049, 0.0776202, -999.778, -686.778, 0.511168, -0.641152, 0.343757, -0.562324, 0.300759, -0.485812, 0.425348, 0.0297434, 0.216812, -0.0136263, 0.157574, -0.120461, 0.0551522, 0.122638, 0.143928, -0.0354474, 0.00825686, -0.0893702, 0.039607, -0.131451)
(-913.878, -609.868, 2001, 0.164894, 0.118085, -926.15, -618.65, -0.734735, -0.948019, -0.324458, -0.426347, -0.381945, 0.00123495, -0.133569, -0.0506981, -0.0831683, 0.109461, 0.0244518, -0.0742521, -0.0831938, 0.0103542, 0.0725677, 0.207128, 0.0137363, 0.0115453, 0.0638478, 0.138745)
(-865.035, -527.316, 2001, 0.166836, 0.128335, -876.81, -536.429, -0.850704, 0.445608, -0.635421, -0.0979969, 0.225347, -0.270063, -0.189589, -0.299856, -0.208817, 0.319671, -0.0566616, 0.273615, -0.0685943, -0.0380041, -0.0789813, 0.263047, 0.0572225, -0.240854, 0.00586732, 0.0409118)
(-987.916, -550.836, 2001, 0.0567376, -0.0102443, -992.5, -550.889, -0.37016, -0.663205, 0.381519, 0.186825, -0.308607, -0.138881, 0.190784, -0.136457, 0.153425, 0.126372, -0.0369276, 0.060357, 0.236678, -0.130593, 0.023489, -0.0619791, 0.0191082, -0.0835306, -0.025023, -0.0105331)
(-990.57, -504.005, 2001, 0.0543735, 0.0805932, -994.485, -509.636, 0.435309, 0.440645, 0.234075, -0.113846, 0.0324626, -0.314538, 0.143192, 0.245764, 0.114388, -0.176968, 0.111015, 0.027389, 0.144383, -0.133302, 0.0976364, -0.0692252, -0.128633, -0.060942, -0.0499128, 0.0097843)
(-997.231, -628.638, 2001, 0.0452128, 0.111702, -999.625, -637.062, 0.992938, -0.420978, -0.511452, -0.47107, -0.0537792, 0.176605, -0.229438, -0.0857733, -0.0736624, 0.0778861, -0.132748, -0.0061813, 0.222264, 0.0137666, -0.178393, -0.0738409, 0.12344, -0.188931, -0.0927206, -0.02898)
(-996.243, -590.705, 2001, 0.0070922, 0.155522, -997.5, -602.214, 1.56939, 0.0282653, 0.468771, -0.603788, -0.157006, 0.268457, 0.194575, -0.0291296, 0.201751, -0.172417, 0.038524, -0.219284, -0.191021, -0.185992, 0.00497047, 0.262784, -0.22609, -0.236508, 0.122936, -0.0369247)
(-631.492, -993.824, 2001, 0.203394, 0.0283688, -645.821, -995.714, -1.35468, 0.397644, -0.553418, 0.0643832, -0.590665, -0.195446, -0.242856, -0.0665566, -0.0920155, 0.156539, -0.144093, -0.0877482, -0.0186269, -0.0132607, -0.00956961, 0.0391879, 0.033434, 0.0596984, 0.102328, 0.0488447)
(-549.897, -996.252, 2001, 0.230365, 0.0144471, -565.222, -997.444, -0.155746, 1.49453, 0.994842, 0.0661003, -0.279258, -0.316696, -0.495978, 0.122069, -0.287118, 0.0206008, -0.0872661, 0.118835, -0.113454, 0.0667724, -0.155178, 0.211983, -0.184868, -0.0770267, -0.0243072, -0.0119797)
(-451.951, -991.719, 2001, 0.252636, -0.00575043, -469.892, -991.595, -1.8044, 0.365053, -0.511578, 0.22001, -0.506798, 0.0170319, 0.144756, 0.0164649, -0.0788052, 0.0516614, -0.0912907, -0.10561, -0.160084, -0.113831, 0.0235398, 0.0839735, -0.155303, -0.0620257, -0.0428996, 0.00680592)
(-350.943, -992.767, 2001, 0.134347, 0.0575481, -360.457, -997, -0.774834, -0.626815, 0.222005, 0.416171, 0.0102289, 0.0984732, 0.0831913, -0.0648615, 0.0497933, -0.0011138, -0.0735619, -0.101012, -0.0536179, -0.139163, 0.0582891, -0.11974, -0.189963, -0.066794, -0.00533026, 0.0381241)
(-542.392, -922.922, 2001, 0.246937, 0.0319149, -559.727, -924.5, -2.93883, 0.0806928, 0.141909, 0.0498977, -0.749181, -0.563298, 0.029106, -0.122046, -0.0124868, -0.0179628, 0.0181277, 0.147478, -0.0166004, 0.285174, 0.202546, 0.218676, -0.0053795, -0.0739411, 0.03747, -0.0271002)
(-267.505, -954.435, 2001, 0.135169, 0.181477, -277, -967.353, -0.854723, -0.703481, -0.865825, 0.482821, 0.333937, -0.27065, 0.227724, -0.504703, 0.0231339, 0.11222, -0.129544, -0.307936, -0.194232, -0.260703, -0.0267941, -0.0329612, -0.100165, -0.0371686, 0.255369, 0.0657333)
(-380.661, -862.008, 2001, 0.0702128, 0.201418, -385.6, -876.3, 0.00383911, -2.73257, -0.294762, 0.118029, 0.828625, -0.19596, -0.451042, -0.284813, 0.157568, -0.0332057, 0.041786, 0.191259, -0.0434796, -0.0878064, 0.190214, 0.047719, 0.125119, -0.217998, -0.000418651, 0.0230217)
(-395.552, -762.007, 2001, 0.0070922, 0.175532, -395.625, -773.625, -2.35054, 1.26238, 0.0274329, 0.509569, 0.374045, -0.823971, 0.00871087, -0.0591035, -0.297121, -0.202505, -0.247002, 0.473742, 0.0505015, -0.260462, -0.416324, 0.0104385, 0.388679, 0.0436638, -0.25439, -0.0918384)
(-280.254, -795.606, 2001, 0.120567, 0.193853, -287.381, -809.857, -1.52435, -2.1651, -0.079332, -0.516066, -0.249385, -0.251355, -0.417404, -0.235542, -0.154547, 0.0169313, 0.135173, 0.0162701, -0.127397, -0.132874, 0.0396126, -0.177381, -0.0614269, -0.17714, 0.00246113, 0.0823091)
(-469.023, -571.651, 2001, 0.231489, 0.154326, -485.28, -583.4, -2.04726, -0.580061, -0.532143, 0.174444, -0.824031, -0.00773029, 0.0545305, -0.135605, -0.179268, -0.0190274, 0.0322675, -0.0215931, -0.216382, 0.00911999, 0.00335365, 0.0654426, -0.0558944, -0.0154766, -0.0339758, 0.00734129)
(-219.358, -681.224, 2001, -0.00339192, 0.252236, -218.696, -698.391, -0.272252, -1.76816, -0.912202, 0.116603, -0.300991, -0.320181, 0.400176, -0.0564524, 0.215871, 0.152275, 0.0895572, -0.208758, 0.12559, -0.121743, 0.166932, -0.140793, -0.0509738, -0.192116, 0.135837, -0.104026)
(-311.335, -590.235, 2001, -0.116785, 0.269976, -302.933, -609.867, 2.16135, -1.77939, -0.27301, -0.509739, 0.163587, -0.284312, 0.144089, 0.0212151, -0.335929, 0.0139075, -0.250961, 0.136688, -0.0793891, -0.400751, 0.000466454, -0.0608786, 0.0115282, 0.00527192, 0.0703815, 0.241426)
(-385.479, -487.847, 2001, 0.0921986, 0.247518, -392.2, -506.2, -1.30953, -0.344271, -0.228872, -0.0830504, 0.0258174, 0.0974218, 0.145677, -0.296967, -0.163762, -0.112367, 0.194172, 0.0305991, 0.0294147, -0.0758282, 0.192224, -0.0483742, 0.162574, -0.0126625, -0.0163533, -0.0142251)
(-79.2173, -548.034, 2001, -0.021952, 0.245187, -78.4762, -565.381, 0.462214, -2.04477, 0.299297, -0.259724, -0.0743434, -0.13564, 0.0332173, -0.183786, 0.294552, -0.361939, 0.0791621, -0.256318, -0.0897442, 0.175877, 0.214367, 0.105539, 0.0677623, 0.0760751, 0.0232329, -0.0443535)
(935.148, -982.981, 2001, -0.137791, -0.0101317, 945, -983, -1.57123, 0.0266667, 0.0870024, 0.1488, 0.462569, 1.20014, 0.244849, -0.249832, -0.0304151, 0.684595, 0.308573, -0.094278, 0.210981, 0.010473, 0.242833, -0.159191, -0.139124, -0.273899, -0.307203, 0.127294)
(996.251, -969.951, 2001, 0.0187234, 0.0119149, 994.36, -970.16, -0.541762, 0.107266, 0.272334, -0.659937, -0.148346, -0.186042, -0.0410222, -0.0450622, 0.0776998, 0.0417056, -0.0463464, -0.13052, -0.271598, 0.0450816, -0.0155409, -0.111581, -0.0546769, 0.0045842, 0.0753928, -0.0685928)
(939.525, -911.123, 2001, -0.156028, 0.0868794, 948.875, -916.5, 1.96512, 0.10359, 0.716062, -0.600374, -0.378337, -0.435679, -0.512572, 0.0675576, 0.405406, 0.729245, -0.347096, -0.0329146, 0.079437, 0.111939, 0.140455, -0.191066, 0.188018, 0.16276, 0.330328, -0.186328)
(811.479, -802.322, 2001, -0.191489, 0.103024, 824.158, -809.789, 1.1304, -0.685587, 0.221658, 0.235361, 0.538828, 0.296293, 0.172586, 0.451409, -0.342124, 0.0468872, -0.046062, 0.054843, -0.0439725, 0.132591, 0.147781, 0.0724156, -0.00162204, -0.209157, -0.0458919, -0.0980324)
(995.367, -866.453, 2001, -0.0401891, 0.100795, 998.182, -873.545, 0.471732, 1.20209, -0.0791283, -0.329651, 0.0835193, -0.0953602, 0.0791811, -0.122393, -0.00731596, 0.111731, -0.0744367, -0.227708, 0.157359, -0.121603, 0.00373445, -0.0557141, 0.00530394, -0.104311, 0.1247, -0.0734673)
(912.015, -756.153, 2001, -0.193575, -0.00917814, 924.706, -754.647, 1.07052, 0.770818, 0.334123, -0.692543, 0.393084, -0.468965, -0.0978351, -0.563178, 0.174655, 0.193406, -0.103705, -0.219431, 0.233674, -0.0141537, 0.00958103, 0.0956823, -0.0186898, 0.0196601, 0.0120778, -0.0631406)
(990.755, -791.43, 2001, 0.00433412, 0.245863, 991.167, -808.833, 0.163615, -1.8375, 0.585065, -0.468601, -0.0946431, -0.725094, -0.0128468, 0.0300724, -0.128109, 0.115797, 0.0896547, 0.126458, 0.101445, -0.261347, 0.0656062, 0.141372, 0.0899848, 0.0135955, -0.13142, -0.0898633)
(988.342, -721.679, 2001, -0.0452128, 0.139184, 991.531, -731.125, 0.0688806, -0.577199, -0.474935, 0.107626, -0.0884866, -0.054293, 0.0557273, 0.20789, 0.0478036, -0.248544, -0.185234, 0.0671513, -0.086913, -0.0189328, 0.156596, 0.00765805, -0.156869, -0.133101, 0.114852, 0.0520579)
(727.072, -717.397, 2001, -0.245338, 0.0567376, 744.667, -721.481, 0.280007, -0.516003, 0.103442, -0.991135, 0.51161, 0.176235, 0.0589495, 0.0284952, 0.0371217, 0.214009, 0.079502, -0.399091, -0.0201153, 0.101391, 0.150819, 0.109019, 0.120922, 0.0372362, 0.021444, 0.14546)
(848.163, -639.786, 2001, -0.242021, 0.0543735, 865.958, -643.375, 1.52148, -0.281, -0.209632, -1.29234, 0.542745, -0.328221, -0.023055, 0.000600502, 0.160748, -0.000514264, -0.125535, -0.0303204, -0.113748, -0.146587, -0.0134546, -0.0187887, 0.10362, 0.142964, -0.255335, 0.000752331)
(991.022, -636.56, 2001, -0.0612766, 0.195461, 995, -650.24, 0.189159, -0.754514, -0.151488, -0.276051, 0.354315, -0.105757, -0.531159, -0.147997, 0.205091, -0.0180236, -0.19522, 0.427661, -0.21368, -0.19922, 0.0392281, 0.0409196, 0.079936, 0.103451, -0.0645617, 0.102701)
(993.781, -543.405, 2001, -0.0592705, 0.219858, 997.786, -559.286, -0.259591, -1.38984, 0.387701, -0.11023, -0.227463, -0.16054, -0.269376, -0.176179, 0.0409251, -0.198172, -0.181902, -0.133689, -0.0327601, -0.0976016, -0.000992585, 0.149244, 0.0220066, -0.067637, -0.0403414, -0.128349)
(970.241, -456.227, 2001, -0.1129, 0.174813, 978.892, -468.811, 0.0144978, 0.200685, -1.08505, 0.625827, -0.0610473, -0.274833, -4.80745e-05, -0.0567671, 0.110346, -0.296549, 0.0556905, 0.0508557, -0.0193171, 0.0577264, -0.0132604, -0.0543656, -0.0408743, 0.00322423, -0.00337365, -0.043361)
(986.72, -341.982, 2001, -0.0943, 0.156816, 994.037, -352.556, 0.25654, 0.727819, -0.154262, -0.43578, 0.619663, -0.0490398, -0.185627, 0.206765, -0.357731, 0.160536, -0.0939113, -0.228862, -0.147428, -0.101367, 0.0977322, 0.0543321, 0.000769721, -0.0445107, 0.0644563, 0.0348365)
(-642.281, 990.604, 2001, 0.197511, -0.0361301, -656.113, 993.019, -0.771913, -0.501953, 0.20833, -0.0132058, -0.0605851, -0.223903, -0.0652615, -0.0153603, -0.115353, -0.0711725, -0.094438, -0.069025, -0.269721, 0.00513466, 0.00100965, 0.0119448, 0.0471433, -0.00539199, -0.00502238, -0.0746257)
(-475.729, 990.905, 2001, 0.178339, -0.0260047, -488.625, 992.583, -1.13063, 0.0350347, -0.0762147, 0.0569175, 0.0579661, -0.209662, -0.07397, 0.0687567, -0.132428, -0.0550043, -0.0574998, 0.0540054, -0.0716339, -0.0411822, 0.0447979, 0.0475363, -0.0352211, 0.0541934, 0.0598136, -0.0117416)
(-408.132, 876.009, 2001, 0.140071, -0.170213, -418.125, 887.667, -1.40005, -0.306238, 0.0021899, -1.03754, -0.0671911, 0.00282321, -0.0245909, 0.115049, -0.222135, 0.0984865, -0.120497, -0.157781, 0.0288649, 0.222588, 0.106519, -0.105606, 0.0765464, -0.0946589, -0.037557, -0.083381)
(-544.251, 865.869, 2001, 0.208747, -0.114894, -558.733, 873.8, -0.883433, -0.425821, 0.123498, 0.0048079, 0.0991655, -0.228897, 0.220652, -0.382612, -0.0895119, -0.102075, -0.00133188, -0.117563, -0.177238, 0.140563, 0.173928, -0.178635, -0.162501, -0.028995, -0.0546278, 0.0100919)
(-444.436, 712.733, 2001, 0.0992908, -0.137641, -452.259, 724.074, -1.0041, 2.04934, 0.216418, 1.09654, 0.0186885, 0.184377, 0.253751, -0.123381, 0.162082, 0.0569013, -0.0250611, 0.0520167, 0.151679, 0.10805, 0.0299744, -0.00948909, -0.00348707, -0.0407621, -0.0742886, -0.0635644)
(-316.219, 810.123, 2001, 0.105131, -0.15436, -323.588, 820.529, -0.39282, 1.33077, -0.183025, 0.533034, 0.153631, -0.114143, 0.205712, 0.353344, -0.101717, 0.313567, 0.228168, 0.224043, 0.0872538, -0.0200956, -0.0525965, -0.0391599, 0.0166239, -0.145631, 0.000209282, -0.047129)
(-197.468, 825.428, 2001, 0.0955083, -0.161702, -204.067, 837.467, 0.516827, 1.54984, 0.0554093, -0.193433, 0.270351, -0.526452, -0.0567054, 0.354285, -0.483984, 0.0175267, -0.045092, 0.345721, 0.170493, 0.0409251, 0.0238938, 0.255194, -0.18008, 0.0576644, -0.0479817, 0.0707774)
(-376.156, 536.248, 2001, 0.0598897, -0.241529, -380.278, 553.5, -1.62543, 1.39994, 0.416406, 1.3067, -0.623343, 0.727928, -0.155235, 0.0729305, -0.392212, 0.11876, -0.0560242, 0.0806479, 0.00995273, -0.0108672, -0.132468, -0.041804, 0.0849457, 0.0557347, 0.00365462, 0.0705089)
(-235.211, 692.827, 2001, -0.0104019, -0.197163, -234.867, 707.067, 0.711395, 1.16331, 0.104391, 0.0193735, 0.76228, 0.321863, 0.0350322, -0.0598463, 0.323774, 0.0571388, -0.142071, -0.16305, -0.237043, 0.0700635, -0.0433815, 0.204665, -0.0903449, 0.326055, -0.134796, 0.0418564)
(-118.655, 737.62, 2001, -0.0596927, -0.255319, -114.25, 755.417, 0.0437758, 2.72147, 0.440683, -1.82351, -0.305326, 0.892394, -0.0671327, -0.472838, 0.388849, -0.20882, -0.228398, 0.155295, 0.0807667, -0.0694945, -0.0790091, -0.200917, -0.0172186, 0.0447488, 0.0586257, 0.141548)
(-79.0955, 604.644, 2001, -0.0826395, -0.24206, -73.1739, 620.261, 2.27582, 1.54079, -0.0937027, -0.307897, 0.154415, 0.447968, -0.0625595, 0.30205, -0.148299, 0.481633, -0.308416, 0.0130967, 0.058572, 0.0656476, 0.267888, 0.133232, 0.11763, -0.112508, -0.0208033, -0.0552248)
(14.3438, 659.642, 2001, -0.0954223, -0.262734, 21.3636, 679.318, 1.26982, 1.65538, -0.777812, 1.09206, 0.411901, 0.536671, 0.327972, -0.0938795, 0.154568, 0.218502, -0.0323291, -0.109988, -0.0965082, 0.0213855, -0.0866444, 0.0588964, -0.000676978, 0.057052, 0.178846, -0.0207093)
(-133.805, 512.993, 2001, -0.156028, -0.284105, -123.235, 533.176, 2.28105, 1.04914, 0.127004, 0.226029, 0.574318, -0.421563, -0.15878, -0.00906508, 0.230956, 0.0412433, 0.418132, -0.176973, 0.0429026, -0.0170296, 0.215719, 0.0854961, -0.0359368, 0.0350901, 0.0722442, -0.106789)
(159.494, 513.573, 2001, 0.0723893, -0.317437, 154.828, 536.034, -0.821329, 2.15441, -0.0523584, -0.585306, 0.257271, 0.483441, 0.13943, -0.194108, -0.145986, 0.0289923, 0.137412, 0.171331, -0.00621651, 0.108971, 0.0874376, -0.0913257, -0.124703, 0.146711, -0.200433, 0.00229687)
(33.6452, -985.214, 2001, -0.0116678, 0.0910547, 34.3226, -991.161, 0.706536, -0.775991, -0.452216, -0.104444, -0.243394, 0.201888, -0.0964554, -0.078547, 0.0674926, -0.017016, 0.0660822, -0.0651894, 0.0773542, 0.0095789, -0.153399, 0.0233889, -0.0537819, -0.14436, 0.00250489, 0.0412273)
(118.665, -993.161, 2001, 0.0276596, 0.0562648, 117.167, -996.767, -0.0383588, 0.374742, 0.273199, 0.423292, -0.337258, 0.259663, -0.0183935, -0.191867, -0.166114, 0.0800622, 0.0665368, 0.0317486, -0.106902, 0.0980686, 0.062208, 0.0577616, -0.00689576, 0.0166861, -0.0707854, -0.0778657)
(124.156, -870.894, 2001, 0.0598897, 0.240347, 119.278, -888.111, -0.265428, -1.51908, 0.68089, 0.922605, 0.387599, 0.0778885, 0.0076943, -0.015398, -0.252704, -0.291462, -0.0752249, 0.102729, -0.0957734, 0.0807524, 0.0930092, 0.0924429, -0.0324512, 0.154205, -0.0693131, -0.0302726)
(223.017, -982.441, 2001, 0.0791962, 0.119385, 217.75, -990.917, -3.14318, 1.2805, 0.0428987, -0.583553, 0.161289, -0.383363, -0.139208, -0.093862, 0.0855795, -0.379763, 0.0871994, 0.0603658, -0.159407, -0.100322, -0.00332455, -0.110159, 0.0189788, -0.117355, -0.0759713, -0.00260449)
(245.986, -887.573, 2001, -0.0870764, 0.20725, 252.278, -902.222, 1.19084, -2.55719, 0.502231, -0.060271, 0.279813, 0.41263, 0.0888966, -0.0179444, 0.296292, -0.153122, -0.306746, 0.0169798, 0.153889, 0.0494431, -0.0343994, 0.0769777, -0.171625, -0.13884, 0.12176, -0.192248)
(308.764, -993.18, 2001, -0.10233, 0.0572442, 315.929, -997.143, -0.048136, -0.0843717, -0.40004, -0.495239, -0.0200327, -0.295804, 0.217742, 0.127622, -0.145452, 0.10863, 0.106105, -0.259879, 0.137859, 0.180305, -0.0750473, 0.0914021, -0.0273694, -0.129467, 0.0804854, 0.0957384)
(376.155, -850.56, 2001, -0.100258, 0.20793, 382.455, -865.136, 2.19878, -0.587339, 0.773452, 0.0853355, 0.240612, -0.580952, 0.554143, 0.0644521, 0.131249, -0.103, -0.247843, 0.0389278, 0.0985824, 0.0101265, 0.0774724, -0.259436, 0.0675346, -0.11353, -0.0190076, 0.09052)
(383.898, -995.101, 2001, -0.17063, 0.0529829, 395.118, -998.294, 1.75693, 0.23426, -1.21257, -0.326284, -0.017991, 0.193897, -0.318942, 0.362314, -0.0881554, 0.0415987, -0.00891318, 0.437577, 5.85843e-05, 0.0822193, 0.0881529, 0.0565983, 0.0817025, -0.0954005, 0.0384958, -0.0306246)
(474, -767.455, 2001, -0.11719, 0.199595, 483.048, -781.952, -0.197967, -0.675501, -0.287793, -1.0658, 0.234993, -0.219937, 0.125839, 0.28538, -0.0573646, -0.055849, 0.312217, 0.0139115, 0.160322, -0.284402, 0.0321875, -0.0229323, 0.244227, 0.064524, 0.164183, -0.0463197)
(467.927, -988.46, 2001, -0.185816, 0.0281662, 480.714, -989.943, 0.520467, -0.141596, -0.570867, -0.0212417, 0.483893, 0.0721488, 0.038447, -0.185075, 0.126694, 0.0736209, -0.128914, 0.0172382, 0.0718306, 0.100383, -0.0702755, -0.111554, 0.116194, 0.176593, 0.0299993, 0.0658472)
(536.039, -968.017, 2001, -0.179521, 0.0489805, 548.281, -970.906, -0.336825, -0.34422, -0.676718, 0.113475, 0.0955415, -0.170575, 0.0300661, 0.260965, 0.215557, 0.0127497, -0.00986281, 0.00477047, 0.0892213, -0.126835, 0.133213, 0.116931, 0.0598524, -0.10913, -0.0252023, 0.117421)
(597.444, -781.428, 2001, -0.275103, 0.095558, 616.053, -787.632, 2.88688, -0.0751522, -0.666342, 0.0789576, 0.513346, -0.0871695, 0.0231038, -0.121429, 0.375124, 0.207356, 0.0610767, 0.204939, 0.0525916, -0.0795342, 0.138741, 0.101225, 0.0895407, -0.066409, 0.0940212, -0.0178392)
(598.906, -992.049, 2001, -0.14539, 0.0374873, 609.75, -995.25, 0.767292, 0.367382, 0.515271, -0.646715, -0.0177221, 0.153367, 0.121979, -0.054926, -0.326162, -0.157391, -0.00154782, 0.0626458, 0.0502901, 0.157036, 0.0249278, -0.0130957, 0.0990424, 0.000763659, -0.0631841, 0.174391)
(664.595, -994.313, 2001, -0.0874704, 0.00969267, 670.667, -994.9, -0.243482, -0.354784, -0.00745408, -0.480781, 0.0239915, -0.0023582, -0.0510155, -0.0429291, 0.290883, 0.0842174, 0.0479533, 0.0645702, 0.0743734, -0.0400718, -0.0910596, 0.251968, 0.0318791, 0.0882948, -0.0322711, 0.00786716)
(-803.121, 982.025, 2001, 0.125021, -0.0687778, -811.558, 986.605, -0.852486, -0.101423, -0.193532, -0.275206, -0.0390975, -0.190742, -0.0928555, 0.0631193, -0.165559, 0.147123, -0.015109, -0.0175081, -0.174961, 0.0223115, 0.0318097, 0.119226, -0.0104149, -0.0878441, -0.0509682, 0.0545099)
(-694.192, 827.57, 2001, 0.256107, 0.0220646, -712.556, 825.889, -1.67388, -1.53616, -0.913829, -0.433715, -0.468568, 0.605998, -0.336901, 0.0244397, -0.323324, 0.266342, 0.00583267, 0.142058, -0.321712, -0.0729544, -0.243896, -0.18086, -0.136514, -0.0309614, -0.00389729, -0.120211)
(-968.685, 948.358, 2001, 0.0526316, -0.0694289, -972.175, 953.772, 0.0728926, 0.602266, 0.398681, 0.101092, 0.202369, 0.170359, -0.0134414, -0.123853, 0.144984, 0.196253, 0.126039, 0.0196584, 0.261069, 0.188548, -0.0103713, 0.0629458, -0.0265569, -0.0108567, -0.0141385, -0.00648734)
(-821.763, 843.875, 2001, 0.122855, -0.168383, -830.871, 854.774, -2.04834, 0.507718, -0.574552, -0.371931, 0.100157, -0.344742, 0.21939, -0.0982657, 0.0508633, 0.198066, -0.0199145, -0.0123145, -0.115702, 0.182879, -0.102938, 0.0141193, 0.0309996, -0.014965, -0.0616893, -0.0935886)
(-992.822, 829.577, 2001, 0.0326241, -0.176454, -995.44, 842.32, -1.54459, 0.0364386, 0.300831, -0.200572, -0.150026, 0.245544, 0.118714, -0.372041, 0.111516, 0.100877, -0.0334144, -0.132776, 0.132524, 0.0744279, 0.144098, -0.0550365, -0.0673264, -0.13653, 0.0417974, -0.108089)
(-923.363, 790.053, 2001, 0.0763454, -0.112224, -929.588, 797.353, -1.0428, 1.00295, 0.0679515, 0.790899, 0.493633, -0.0210761, -0.200374, 0.172788, 0.120462, -0.22158, -0.124281, -0.101327, -0.163884, -0.0426856, -0.116697, 0.254869, -0.156427, 0.0974539, 0.189732, -0.11228)
(-991.495, 723.089, 2001, 0.0195515, -0.124593, -992.757, 731.514, 0.0318547, 0.595213, -0.350885, 0.342992, -0.0352033, -0.109881, -0.142502, 0.0368634, -0.0321838, 0.00184696, -0.0226396, -0.129518, 0.0580742, -0.0766325, 0.10985, -0.198021, 0.108353, 0.0332379, 0.0988517, -0.0709434)
(-892.307, 699.572, 2001, 0.121631, -0.197872, -901.7, 713.2, -0.100684, 1.3598, 0.198117, 0.261081, 0.388652, 0.276799, 0.00668726, 0.0763038, 0.034381, 0.244035, 0.183282, 0.0787956, 0.025714, -0.0219439, -0.159824, 0.10254, -0.178646, 0.0760569, 0.00619454, -0.154073)
(-989.969, 645.37, 2001, 0.0266569, -0.1663, -991.897, 657.069, 0.595978, 0.274358, -0.0329028, -0.327077, 0.0838959, 0.137448, -0.0318228, 0.262043, -0.177055, -0.0866486, 0.0954734, 0.0371607, 0.0355291, 0.149243, 0.0666943, 0.00138502, -0.0276529, 0.129994, -0.0451038, 0.0282938)
(-850.98, 613.946, 2001, 0.188216, -0.123568, -863.346, 622.346, -1.29852, 1.17665, 0.138995, -0.136972, -0.18436, 0.721621, -0.0383206, 0.333604, -0.206242, -0.328077, 0.0656357, 0.18566, 0.0931518, 0.160988, -0.173299, -0.185305, 0.0120191, 0.100503, 0.0240841, -0.00120928)
(-991.026, 574.392, 2001, 0.0246257, -0.129433, -992.972, 583.417, -0.582444, 0.819577, 0.0427454, 0.398007, -0.10187, 0.187546, -0.00615304, -0.170121, 0.0820862, -0.156957, -0.0454844, 0.12796, 0.0369263, 0.0827263, -0.0123379, -0.0300951, 0.0854207, 0.0433831, 0.0390641, 0.0121247)
(-984.084, 523.523, 2001, 0.0669504, -0.226383, -988.76, 538.68, -0.155822, 1.34254, 0.068937, -0.361182, -0.0237455, 0.54075, 0.294959, 0.144398, 0.0672277, 0.168022, 0.325779, -0.119388, -0.0829386, 0.0398645, 0.101507, -0.0891165, -0.00465458, 0.119859, 0.0535402, 0.0267706)
(-996.637, 468.745, 2001, 0.00555875, -0.108491, -997.135, 476.378, 0.69845, 1.47298, 0.0227199, 0.109549, 0.0455197, 0.00137551, -0.216043, -0.124126, 0.335338, 0.0856878, -0.141174, 0.0982524, -0.105444, -0.0502293, -0.0709629, 0.0400437, -0.0731977, 0.120029, 0.0701591, -0.0647836)
(-990.687, 406.411, 2001, 0.0570753, -0.187099, -994.714, 420.381, -0.406591, 0.140546, 0.345007, -0.639452, -0.0376628, 0.0751989, 0.201688, 0.0242987, -0.241542, -0.132193, -0.171857, 0.0691978, 0.0529256, 0.00333141, 0.244503, 0.030299, 0.198741, -0.0954515, -0.0141205, -0.074505)
(901.894, 998.112, 2001, -0.0515433, -0.00769154, 905.493, 998.746, 0.0586531, -0.299378, -0.0878331, -0.107514, -0.11243, -0.0327581, 0.10913, 0.0279696, -0.200909, -0.0357992, 0.0477973, 0.0673149, -0.0632617, 0.0522601, -0.0353747, -0.0538607, 0.0022502, -0.0504968, -0.0382244, 0.0930125)
(872.815, 910.592, 2001, -0.19016, -0.0274823, 885.5, 911.562, 1.58617, 1.71546, 0.0151996, -0.0841516, 0.766567, 0.486311, -0.201113, 0.241961, 0.00177072, 0.201755, -0.0603833, 0.336097, -0.0611383, -0.133624, 0.0704777, 0.0848386, -0.190984, -0.127411, -0.0472119, -0.217162)
(988.412, 901.088, 2001, -0.0380142, -0.164823, 991.08, 913.48, -0.523516, -0.355535, 0.183186, -0.203098, 0.154541, -0.226863, -0.43271, 0.00466431, 0.0900177, 0.00786926, 0.0176643, -0.345481, -0.0981313, 0.0127635, -0.0909246, 0.0877798, 0.169034, 0.0700624, 0.0873046, -0.0649468)
(993.417, 840.426, 2001, -0.0499182, -0.0248227, 997, 842.654, -0.686882, 0.709621, -0.334392, 0.485616, 0.296978, 0.314431, -0.0563924, -0.17576, -0.115842, 0.147478, 0.0314339, 0.237601, -0.1028, -0.204458, -0.0117613, 0.0252969, 0.118052, 0.0675745, -0.037526, 0.0992602)
(902.461, 815.995, 2001, -0.221527, -0.0529829, 917.294, 819.412, 0.386117, 1.79195, -0.271562, -0.908245, 0.205901, 0.0991469, 0.0324069, 0.337236, -0.139708, -0.130235, -0.149989, 0.0236944, -0.071453, 0.173668, -0.164196, 0.103516, -0.162561, -0.0290892, 0.0958161, 0.147079)
(967.714, 767.76, 2001, -0.108409, -0.0516717, 975.286, 772.071, 0.407142, 1.91439, 0.1934, -1.34602, -0.221031, -0.332917, 0.111707, -0.00482626, 0.287219, 0.492728, -0.134281, 0.149789, -0.0689668, 0.0915248, 0.133239, 0.0542272, -0.181204, 0.096825, -0.0264125, 0.0340874)
(973.827, 710.69, 2001, -0.0587639, -0.0790274, 978.714, 714.857, -4.55618, 2.38949, -0.0828444, -0.654665, 0.907698, 0.791904, -0.0836302, -0.204693, -0.376906, 0.0122271, 0.0655446, 0.241592, 0.225827, 0.313535, -0.285595, 0.112111, 0.000822681, 0.0590993, 0.0713862, 0.0226251)
(990.115, 665.136, 2001, -0.054078, -0.214539, 994.875, 681.125, -1.14063, 1.6923, -0.452596, 1.0268, 0.318396, 0.43821, -0.0935636, 0.518372, -0.00731058, -0.065433, -0.175004, 0.0511192, 0.0939913, 0.246825, -0.283941, 0.00103622, 0.101807, 0.0010186, 0.260911, -0.110012)
(907.964, 595.688, 2001, -0.169267, -0.0468085, 919.733, 598.4, -0.913904, -0.645819, -0.239809, 1.08508, -0.266222, -0.577891, -0.185927, -0.339962, 0.335053, 0.132611, -0.180192, 0.34849, 0.0279586, 0.077306, -0.200941, 0.0762534, 0.0724128, 0.0777671, -0.109322, -0.172907)
(979.397, 614.427, 2001, -0.101824, -0.216819, 985.929, 630.786, -0.430175, 1.51191, -0.55941, 0.582271, 0.558287, 0.660781, -0.12138, -0.187612, -0.151532, -0.136926, -0.0920986, 0.242323, -0.112605, -0.0601341, 0.0198671, -0.0504907, -0.0885438, -0.00196707, -0.13207, 0.137366)
(993.209, 550.653, 2001, -0.0425532, -0.0429965, 996.125, 552.938, 0.257655, -0.958363, 0.087223, -0.236172, 0.0764732, -0.054178, -0.130063, -0.169053, -0.00278125, -0.0167048, 0.0583409, 0.0411715, 0.0947685, 0.0798018, 0.115509, -0.00796707, -0.00894245, -0.0476792, 0.144121, 0.0257737)
(960.724, 435.476, 2001, -0.156028, -0.0880267, 971.059, 442.029, 0.187513, -0.371908, -0.087183, -0.109197, 0.101219, -0.000698911, -0.148945, 0.155434, 0.148047, 0.0912744, -0.113387, 0.105613, 0.0259386, -0.0877914, -0.00917689, -0.0941988, 0.0425238, 0.0446088, 0.134356, -0.0107053)
(916.118, 323.003, 2001, -0.203014, -0.017435, 930.042, 323.125, -0.020467, -1.18658, 0.134025, -0.0141397, -0.172571, -0.443807, -0.308508, -0.189872, -0.0269647, 0.149891, -0.109952, 0.0347361, 0.18779, 0.035936, -0.0226922, -0.0110171, 0.00921196, -0.0161982, 0.00412403, -0.0425356)
(746.815, 197.759, 2001, -0.220896, 0.120221, 763.171, 189.634, 2.09461, -0.13952, 0.130947, 0.25127, 0.380413, 0.102558, 0.0495839, 0.21621, -0.06891, -0.0560102, -0.112392, 0.147745, -0.17402, 0.103668, 0.0554445, 0.0631465, 0.222814, -0.0355397, 0.063793, -0.00276787)
(88.0479, 919.937, 2001, 0.00567376, -0.204255, 87.2, 934.2, -0.674179, 4.30067, 0.603871, 2.55546, 0.922498, 0.423403, 0.0466841, -0.0527676, 0.0850682, 0.294494, 0.13255, 0.103381, -0.162065, 0.483743, 0.0433248, -0.0219887, 0.152598, -0.0606529, 0.236879, -0.0862483)
(142.393, 931.711, 2001, -0.0868794, -0.216312, 148.25, 949.25, 3.49203, 3.01103, -1.19103, -0.0519241, 0.223613, 0.351689, -0.466067, 0.0834075, 0.323581, -0.426554, 0.123177, 0.328343, 0.446759, 0.119173, 0.167962, 0.081253, 0.460035, -0.0468347, 0.0646291, 0.0470474)
(163.82, 882.57, 2001, 0.0333333, -0.193617, 162.3, 895.7, -0.513596, 1.63745, 1.02031, -0.258261, -0.0193849, -0.198481, -0.351894, -0.267591, -0.0865905, 0.189614, 0.237995, -0.26962, -0.203204, -0.129702, -0.182951, -0.0153095, 0.129675, 0.079859, 0.0397912, -0.150475)
(143.518, 754.767, 2001, -0.0618597, -0.237195, 148.167, 770.778, -1.39411, 1.23157, -0.845634, 0.524697, -0.218954, 0.656108, -0.208751, -0.253534, 0.211444, -0.0639837, 0.242858, 0.0050679, 0.0874222, 0.135989, -0.0569803, -0.050559, -0.0528319, -0.157261, -0.0772599, 0.0718412)
(120.619, 659.792, 2001, 0.0384472, -0.299365, 117.526, 680.105, 0.160421, 1.25015, -0.0141013, -0.358573, -0.379785, 0.56637, -0.0943733, 0.0501726, -0.0187712, 0.120769, -0.0502211, -0.145966, 0.0992468, 0.0520339, -0.19114, -0.061112, 0.101178, 0.105976, -0.101011, 0.232628)
(211.923, 647.888, 2001, 0.0395137, -0.289767, 208.714, 668.071, -0.768598, 1.99906, 0.303298, -0.0748911, -0.33588, 0.0481616, -0.270906, 0.140345, 0.290518, 0.196658, 0.142808, -0.189947, -0.204527, 0.0935836, -0.00876302, 0.0813596, -0.0872533, -0.00648416, 0.00344999, 0.0912816)
(368.283, 742.195, 2001, -0.0193424, -0.196003, 369.273, 755.727, 1.19081, 1.63841, -0.390595, 0.8494, -0.0013473, 0.432446, -0.0374837, -0.190272, -0.011802, 0.158753, 0.0143851, 0.0721207, -0.0442574, 0.13165, -0.114973, 0.0105394, -0.0985361, 0.0553801, -0.0910948, 0.0879871)
(337.517, 462.357, 2001, 0.0963705, -0.272007, 330.471, 481.882, -0.0873816, 1.76185, -0.373606, 0.0691132, -0.765908, 0.10628, -0.159106, -0.086972, -0.365087, 0.143004, -0.0643656, -0.25163, 0.0673736, 0.0724511, -0.363254, -0.178074, 0.086946, 0.127295, 0.0550721, -0.0989652)
(504.361, 759.377, 2001, -0.018193, -0.149245, 505.696, 770.043, 0.210024, 0.503536, 0.764639, -0.581805, -0.53707, 0.356417, 0.103032, -0.326599, 0.0525584, -0.230525, 0.0405759, -0.18374, 0.16269, -0.0164285, -0.150496, -0.0527373, -0.140724, -0.128616, -0.172983, 0.0661766)
(543.124, 671.374, 2001, -0.124367, -0.126393, 551.929, 679.964, -0.0905291, 0.795684, -0.0695881, 0.256272, -0.156446, -0.659087, -0.100593, 0.480443, -0.0934299, 0.0154679, 0.0708262, 0.280512, 0.135865, -0.0154595, -0.0982081, -0.116129, -0.0920238, 0.0349692, 0.0731146, 0.0502264)
(476.707, 591.757, 2001, -0.149979, -0.112015, 487.588, 599.706, -0.0539909, 0.135794, 0.447667, -0.0693995, 0.304666, -0.244167, -0.0770898, -0.0922426, -0.0309069, 0.0891271, -0.0869794, 0.0205689, 0.0122416, 0.0654553, -0.109594, 0.0187342, 0.0316266, 0.077851, -0.0274566, 0.0420279)
(609.721, 538.555, 2001, -0.0695035, -0.131915, 613.867, 547.267, 0.63443, 1.63804, -0.199269, 0.120506, 0.411708, -0.0193256, -0.31181, -0.233747, 0.232663, 0.167231, -0.09308, -0.286628, -0.134121, 0.0950865, -0.0682391, -0.11182, -0.0826169, 0.0834564, 0.0519261, 0.0927575)
(504.213, 384.93, 2001, -0.218845, 0.00202634, 519.4, 384.8, 1.67384, -0.700934, 0.429568, 0.0535201, 0.39277, -0.46647, 0.0334876, 0.0413596, 0.0809692, -0.181303, 0.149842, -0.0190025, 0.174159, 0.120978, -0.0177909, -0.119221, 0.0989439, -0.0231687, 0.0356464, -0.11577)
(587.337, 184.136, 2001, -0.26293, -0.0129735, 606.512, 185.22, 2.15085, 0.299745, -0.433442, -0.286757, 0.171209, -0.387154, -0.128865, 0.10222, 0.143576, 0.0116615, -0.115774, -0.178075, 0.119629, -0.0358416, -0.0019346, 0.024286, -0.00927195, 0.112094, -0.0125668, 0.115832)
(405.988, 995.924, 2001, -0.0257898, -0.040619, 408.121, 998.758, -0.0991191, 0.504637, 0.175834, 0.579821, 0.149647, 0.0906877, 0.260136, 0.171579, -0.333081, -0.126237, 0.174047, 0.0223931, -0.0568003, -0.209853, -0.163307, -0.178972, -0.00305938, -0.0852789, -0.0886855, -0.0630268)
(419.69, 926.341, 2001, -0.0035461, -0.26383, 420, 945.6, 0.056271, 1.73361, -1.33083, 0.47304, -0.0975849, 0.0346826, 0.0988373, 0.112194, 0.144917, 0.0499432, -0.0299071, 0.607074, 0.0233537, -0.156447, 0.0907823, 0.226924, 0.00168373, -0.140874, -0.212122, -0.114946)
(497.766, 999.892, 2001, -0.170213, 0.00283688, 511.4, 999.2, 0.894708, 0.125827, -0.694556, 0.532457, -0.982943, 0.631584, -0.00829665, 0.447978, 0.34999, 0.00919129, 0.196849, 0.047994, -0.333638, -0.127146, 0.0563523, -0.0295471, 0.12637, -0.34968, 0.163948, -0.190938)
(507.92, 1000.73, 2001, -0.0472813, -0.0212766, 510.333, 1004.33, 0.0453147, -1.9131, 0.581496, 0.880866, 0.605785, 0.0710283, 0.762484, -0.00738169, -0.323274, -0.0987638, 0.119826, -0.331955, -0.376513, 0.119712, -0.297395, -0.31214, -0.152233, 0.141629, -0.0736007, -0.235564)
(511.139, 943.19, 2001, -0.0609929, -0.143262, 516.8, 952.6, 1.83812, 1.21105, 0.211791, 2.50323, -0.311152, 0.0889401, 0.247544, -0.495537, 0.411459, -0.587403, -0.125506, -0.166473, 0.245106, -0.497959, -0.0427318, -0.106816, 0.212864, -0.115331, 0.287049, 0.150181)
(510.527, 1000.4, 2001, -0.00177305, -0.00177305, 511.25, 1000.38, -1.75543, -0.0966834, -0.361048, 0.156868, -0.14963, 0.234178, 0.129057, 0.315344, -0.450951, -0.048261, 0.0848049, -0.282545, -0.319768, -0.0704045, 0.0426101, -0.251582, -0.0267112, 0.0920853, -0.112596, 0.0804994)
(585.91, 986.425, 2001, -0.158983, -0.0484634, 597.583, 989, 0.47564, 1.0913, 0.720938, 0.0941639, -0.29691, 0.75777, -0.296656, 0.139155, -0.0909667, 0.0686284, -0.468628, 0.0241191, -0.171992, 0.111242, 0.0721878, -0.165004, -0.201571, -0.22409, -0.293522, 0.0304503)
(478.726, 987.328, 2001, -0.0797872, -0.0611702, 484.125, 990, -0.0983468, -0.50762, -0.0525728, 0.231839, 0.312679, -0.39105, -0.191757, -0.0982887, 0.374278, -0.142959, 0.278732, 0.0660414, 0.301136, -0.505483, -0.0972084, 0.193904, 0.30144, -0.00355834, 0.215551, 0.21636)
(510.331, 998.192, 2001, -0.141844, 0.0165485, 522.667, 998.333, 1.65202, -1.0577, -0.304871, 0.691083, -0.468127, 0.560222, -0.0510246, 0.545843, 0.530447, 0.168426, 0.334875, 0.213988, 0.0689122, 0.0511778, -0.39288, -0.159653, -0.366402, -0.152414, -0.354023, 0.0419315)
(551.534, 893.68, 2001, -0.0506586, 0.00506586, 555.571, 893.857, -0.834259, -1.87463, 0.099247, 0.149163, -0.107038, -0.401554, 0.21691, -0.240403, 0.161368, -0.118728, 0.16879, 0.199759, -0.0896147, 0.414364, -0.0908632, 0.0215399, 0.11861, -0.131682, 0.0615408, 0.166198)
(525.822, 998.373, 2001, -0.148936, -0.0307329, 534.333, 1000.33, -2.58126, 0.0629162, 0.33468, 0.744036, 0.935227, -0.127572, 0.296749, 0.378313, 0.207178, -0.408736, -0.313442, 0.227713, 0.244459, 0.486465, -0.331321, -0.457724, -0.191798, 0.0820011, -0.0202785, -0.326301)
(508.62, 989.366, 2001, -0.198582, -0.141844, 528, 1000, 9.02276, -1.76642, 2.24613, 3.536, -0.94059, 1.63117, 0.0928921, -0.580391, -0.0554741, 1.26218, -0.138861, -0.319551, -1.0823, -0.243845, 0.914691, -0.043908, -0.45024, 0.00129412, 0.63003, 0.5563)
(627.958, 849.567, 2001, -0.0604923, -0.13058, 633.059, 859.176, 0.284976, 0.266559, -0.590786, 0.0502559, 0.15307, -0.207706, 0.00519778, -0.214331, 0.359686, 0.057139, 0.0961269, 0.137548, -0.232205, -0.0159194, 0.130661, -0.20211, -0.0523106, -0.0168613, 0.0754303, -0.135598)
(547.781, 997.87, 2001, -0.227964, 0.04154, 564, 995, 1.63648, 1.47501, 0.504059, -1.28261, 0.274204, -0.47945, -0.379287, -0.611809, 0.71324, -0.261082, 0.466183, -0.266806, -0.25654, 0.368364, -0.166171, -0.0410408, -0.182643, -0.0149899, -0.00444942, -0.13957)
(-719.05, -990.07, 2001, 0.170048, 0.0514597, -731.186, -993.605, -0.141519, 0.43959, -0.0988735, -0.219734, -0.204875, 0.319098, -0.00314601, 0.160727, 0.14716, 0.0174054, 0.0737619, 0.0592557, -0.053953, -0.0204727, 0.101941, -0.0131863, 0.0140465, 0.00298136, 0.045398, 0.00725652)
(-775.829, -906.078, 2001, 0.119316, 0.205257, -784, -920.529, 0.611652, 0.501505, 0.695249, -0.572261, -0.151539, -0.223877, 0.330946, 0.38183, -0.223017, -0.195038, -0.0831592, 0.389134, -0.0516168, -0.15914, -0.127521, -0.0211084, 0.077139, -0.209093, 0.020497, 0.10332)
(-654.686, -862.696, 2001, 0.211064, 0.0388652, -669.52, -865.28, -0.937568, 0.0853572, 0.51882, -0.216175, -0.222201, 0.0790446, 0.22659, 0.118404, 0.00261181, -0.267425, -0.120807, 0.137198, -0.119125, 0.00193509, 0.107775, 0.101808, -0.0753216, 0.13866, 0.0478812, -0.0637346)
(-762.56, -811.76, 2001, 0.228369, 0.100473, -778.833, -819.467, -0.474229, -1.09926, 0.358544, -0.038389, -0.739305, -0.332452, 0.0126207, -0.102744, -0.219606, -0.0892259, 0.140872, -0.128375, -0.0543099, -0.0200864, -0.140778, 0.116134, 0.0231988, 0.0463035, 0.0111969, -0.0164063)
